District                Age  Bmi Glucose Insulin MCP1
Map key/values:
Aveiro                  48,3 26,0063 106 28,5958 1001,8865
Beja                    54,7 27,7030 130 27,2231  944,8367
Braga                   46,6 29,2759 145 31,8851 1007,2383
Braganca                58,5 25,7736 129 25,5896  909,5712
Castelo Branco          49,3 30,0711 124 27,9759  934,6310
Coimbra                 54,3 26,3525 143 32,1883  722,4103
Evora                   55,8 29,4797 139 33,5713  983,7939
Faro                    55,8 28,8865 137 32,0770  828,0355
Guarda                  54,8 28,1761 133 23,9710  789,3443
Leiria                  57,6 27,7290 132 29,9460  911,1124
Lisboa                  56,9 28,2025 124 28,6314  883,4621
Portalegre              51,8 27,0084 131 30,7910  804,3206
Porto                   51,7 27,1627 127 30,3775  843,1912
Santarem                54,8 27,8078 119 35,5307  870,8219
Setubal                 51,7 26,8727 137 26,3403  918,8281
Viana do Castelo        51,0 29,5737 132 31,0918  825,8253
Vila Real               50,2 26,2395 140 34,2090  961,5331
Viseu                   61,9 30,1891 132 33,2984  910,6012