k=5
Ind. Age Bmi Glicose Insulin Mcp1
  1  4,57 -2,47 -3,07  1,97  2,54
  2  0,57 -2,04 -4,93  3,54  2,37
  3  4,43 -3,47 -4,57  4,62  4,76
  4  2,86 -2,37 -2,21  2,01  3,36
  5  0,86 -4,72 -1,36  2,09  3,24
  6  4,14 -3,94 -4,07  1,58  4,84
  7  2,57 -2,89 -4,86  2,79  3,73
  8  2,43 -4,94 -3,29  2,95  4,39
  9  2,86 -4,23 -2,43  1,72  2,96
 10  0,71 -2,13 -3,57  3,79  4,89
 11  1,29 -2,36 -4,50  3,91  3,04
 12  0,14 -3,85 -3,36  2,91  1,92
 13  3,00 -2,89 -2,21  3,31  2,91
 14  4,43 -3,61 -2,29  2,25  2,48
 15  3,43 -4,10 -2,86  2,16  2,55
 16  2,43 -2,57 -4,36  1,53  4,74
 17  3,00 -4,54 -2,21  1,77  3,58
 18  3,86 -2,98 -2,64  1,46  2,86
 19  2,29 -2,84 -3,07  1,83  2,01
 20  4,29 -4,16 -3,50  4,48  1,93
 21  2,29 -4,45 -3,43  1,81  3,88
 22  3,86 -2,44 -4,36  3,02  4,67
 23  3,43 -3,42 -1,64  3,66  5,00
 24  4,14 -4,72 -1,50  4,71  4,58
 25  3,14 -2,28 -3,71  4,46  2,20
 26  1,71 -4,10 -4,79  3,50  2,75
 27  0,43 -2,25 -4,07  3,93  4,76
 28  3,29 -4,99 -1,64  4,34  2,13
 29  3,57 -4,01 -2,57  2,65  2,25
 30  0,86 -4,01 -1,50  4,66  1,95
 31  1,71  4,98  2,07 -4,32 -4,08
 32  1,43  4,16  4,00 -4,52 -1,61
 33  2,71  2,72  1,21 -3,89 -1,73
 34  1,57  4,52  2,43 -4,51 -2,24
 35  1,00  4,77  3,14 -4,31 -4,96
 36  1,86  2,05  1,64 -3,39 -4,99
 37  3,43  4,98  3,29 -4,42 -2,55
 38  2,71  3,63  2,86 -3,59 -3,88
 39  2,00  2,73  4,64 -3,55 -2,60
 40  2,14  2,95  4,86 -4,18 -2,01
 41  3,43  3,09  4,93 -4,79 -3,14
 42  4,29  3,42  1,14 -3,40 -1,55
 43  1,57  4,02  3,64 -4,24 -3,78
 44  3,43  4,23  2,50 -4,59 -4,85
 45  3,86  4,09  4,64 -4,09 -4,82
 46  2,29  2,40  4,50 -5,00 -3,57
 47  2,43  2,71  3,64 -4,88 -2,75
 48  3,29  3,82  5,00 -4,32 -3,68
 49  3,57  3,91  2,93 -3,74 -2,62
 50  3,00  2,56  3,29 -4,62 -4,03
 51  2,71  2,26  3,36 -3,80 -2,56
 52  1,71  4,85  1,14 -4,77 -4,48
 53  1,43  4,54  2,21 -3,96 -4,46
 54  3,29  4,84  1,43 -3,21 -4,58
 55  2,71  3,87  1,86 -4,09 -2,14
 56  3,43  2,59  1,21 -4,94 -2,86
 57  4,00  3,76  1,43 -4,82 -4,13
 58  1,00  2,66  1,86 -4,46 -4,31
 59  0,29  3,67  3,86 -3,89 -3,60
 60  2,00  4,80  3,14 -3,78 -3,64
 61  3,57  4,65  2,29  1,57  3,34
 62  1,29  2,61  2,43  3,50  4,98
 63  0,43  3,29  2,86  4,89  3,80
 64  3,43  4,32  2,57  2,65  2,55
 65  1,43  3,50  1,57  4,58  3,74
 66  1,29  2,96  2,57  3,30  2,13
 67  4,86  3,98  2,57  3,29  3,30
 68  4,43  2,05  3,93  2,64  4,12
 69  1,43  2,25  3,00  4,99  1,85
 70  0,86  2,70  1,79  4,43  2,02
 71  3,29  4,06  2,07  2,66  2,07
 72  1,29  2,71  1,36  3,68  4,42
 73  2,29  4,90  2,14  3,15  4,37
 74  4,86  3,33  4,71  2,59  2,08
 75  1,00  4,98  4,43  4,66  3,38
 76  3,43  4,77  3,29  2,61  1,72
 77  3,57  4,89  4,21  3,66  2,02
 78  4,00  4,84  1,57  2,80  1,65
 79  3,71  4,31  4,07  4,77  2,47
 80  0,29  2,66  4,64  2,53  3,82
 81  1,14  3,31  2,14  2,15  4,94
 82  3,14  4,47  1,21  2,65  4,43
 83  2,71  4,56  1,29  4,88  3,68
 84  3,14  2,40  1,36  4,55  4,68
 85  2,14  2,14  1,14  4,83  2,57
 86  0,29  3,76  3,93  5,00  2,97
 87  3,14  2,07  2,21  4,04  4,86
 88  4,57  2,36  1,14  2,26  4,07
 89  2,29  2,64  4,93  4,84  2,15
 90  1,43  2,99  1,50  1,68  3,80
 91 -1,71 -4,91 -1,79 -4,39  1,51
 92 -3,71  2,77  3,07 -1,70 -0,14
 93 -3,43 -1,35  4,36 -1,33 -1,09
 94 -4,71  4,79 -3,07  4,69  0,82
 95 -2,71  5,00  0,21 -2,38 -4,06
 96 -3,43 -2,59  3,71 -0,74 -4,99
 97 -2,14  1,42  3,14 -3,73 -2,17
 98 -2,86  3,00  1,36 -2,19  0,53
 99 -2,14 -4,55  3,21  4,70  0,84
100 -5,00 -2,91  4,00  2,42 -2,95
101 -4,14  1,90 -4,86  4,29  2,21
102 -2,00 -3,13 -2,71  1,78 -1,12
103 -2,29 -3,86  1,57  4,65  3,77
104 -3,29  2,04 -3,36  1,64  1,14
105 -4,29 -0,46 -1,50  2,57  1,22
106 -4,00  1,23  1,14 -1,89 -0,69
107 -3,29  1,26  2,29 -2,87 -2,80
108 -0,86 -2,26 -3,79  3,24 -0,29
109 -3,86  1,90  4,07  0,25 -4,07
110 -1,29 -0,69  1,29 -0,17 -2,91
111 -0,86  1,96 -1,71  0,04 -0,05
112 -1,29 -2,96 -3,50 -1,21  1,26
113 -1,43 -5,00  1,36 -1,13  1,34
114 -2,86 -2,02  1,93  3,27  0,69
115 -0,86 -3,92  2,14 -0,04 -3,22
116 -1,00 -3,57 -3,00  0,64 -0,19
117 -1,29 -4,25  4,21  3,44 -1,42
118 -4,43  0,41 -0,93 -3,30 -2,10
119 -3,57  1,30  3,36 -4,80  4,68
120 -2,14  0,21  0,71  1,33  3,29
121  4,57 -2,70 -2,36 -3,44 -1,70
122  2,43 -4,16 -1,43 -4,64 -1,77
123  1,71 -3,50 -2,00 -4,57 -1,81
124  3,57 -4,16 -4,36 -3,48 -2,35
125  1,43 -3,38 -4,79 -3,33 -2,30
126  0,00 -2,43 -1,14 -3,83 -3,59
127  0,86 -4,77 -1,14 -4,19 -3,23
128  1,86 -4,34 -4,14 -4,28 -4,65
129  2,14 -4,13 -1,36 -4,20 -4,82
130  2,57 -3,63 -4,64 -3,98 -4,17
131  4,71 -4,95 -1,43 -4,72 -4,44
132  0,29 -2,66 -1,50 -4,10 -4,92
133  2,29 -4,44 -1,57 -4,78 -2,05
134  2,43 -4,96 -3,07 -3,62 -2,72
135  0,86 -2,66 -1,93 -4,05 -3,04
136  0,00 -2,68 -4,14 -4,33 -1,84
137  2,29 -4,72 -5,00 -3,84 -2,03
138  3,71 -3,88 -4,43 -5,00 -2,97
139  3,00 -3,11 -1,21 -4,75 -4,82
140  0,71 -4,52 -4,29 -4,78 -3,84
141  5,00 -4,78 -3,07 -4,53 -5,00
142  3,00 -3,74 -4,93 -3,85 -3,90
143  0,29 -4,45 -2,79 -4,45 -3,37
144  0,86 -2,04 -3,07 -3,97 -3,99
145  2,14 -3,21 -2,29 -3,74 -2,47
146  3,86 -4,17 -1,07 -4,67 -4,51
147  4,00 -2,29 -4,43 -3,32 -3,94
148  4,29 -4,95 -2,79 -4,22 -2,67
149  2,57 -2,60 -3,93 -3,74 -4,73
150  4,14 -2,62 -3,07 -4,34 -1,93