k=5
Ind. Age Bmi Glicose Insulin Mcp1
  1 -0,77  4,27 -2,93 -3,33 -2,49
  2 -2,04  0,79  4,29 -2,78  2,43
  3 -3,45  0,14  4,73 -4,09  3,53
  4  3,59  4,13  4,25  1,28  1,17
  5  2,04 -0,87 -3,21  4,68  2,05
  6 -1,06  4,59 -0,57 -0,52  1,95
  7 -4,01  0,65 -2,61 -2,72 -1,66
  8 -1,34  2,34 -1,96  4,95 -2,13
  9 -4,30  0,55  4,75 -2,99 -0,73
 10  2,04 -0,06  1,93 -0,75 -3,71
 11 -3,87  2,89 -2,39 -0,76  4,84
 12  1,06 -2,83 -3,50 -2,63  1,70
 13  3,31 -1,84  0,14 -3,36  0,27
 14 -3,17 -2,16 -3,07  1,72  1,65
 15 -4,30 -1,24 -2,32 -1,05 -0,59
 16  1,20  0,55  3,46 -0,84 -3,88
 17 -2,46 -0,76  4,18 -2,25 -1,08
 18  3,03 -3,55  4,82  1,77  0,28
 19  0,92 -0,50 -3,89 -0,64 -4,44
 20 -1,62  1,18 -0,61  4,29  0,27
 21 -1,48  3,52  1,43  0,62  4,91
 22  4,58 -3,70 -0,46 -4,51  2,03
 23  4,15 -0,89  2,04 -1,50 -2,09
 24  1,48  0,23 -1,00 -0,90  2,99
 25 -1,20 -0,03  3,61  4,87 -4,34
 26  3,73  4,48  3,64 -4,03 -4,62
 27  1,48  0,60 -0,50  4,05  0,98
 28  2,75 -0,34  1,54 -0,99 -4,56
 29  0,07 -2,83  0,29 -4,89 -3,11
 30  2,46  2,65 -4,82 -1,62  1,65
 31  5,00 -1,36 -1,75  4,71  0,73
 32 -0,77 -1,76 -0,96 -4,13  3,52
 33  2,32  1,87 -4,75 -3,69  3,99
 34  2,46 -0,25 -1,29 -3,50 -0,99
 35  2,61 -2,23 -1,64  1,23 -3,63
 36 -3,45 -1,82 -2,14 -2,06 -2,23
 37 -2,18 -3,50  0,25  1,15  2,45
 38  0,07 -2,94  3,96  3,66 -3,12
 39 -0,21  0,18 -2,46 -0,28  3,47
 40  0,77 -2,81  3,54  4,00 -4,12
 41 -4,30 -3,15 -3,64  1,67 -0,95
 42  1,20  3,68  0,43  1,53  0,94
 43 -0,49  2,28  2,25  3,08 -2,68
 44 -2,46  2,10  2,21  0,81  1,57
 45  1,62 -0,67  2,43  2,13 -0,07
 46 -3,59 -3,97  1,39  2,12 -0,51
 47  1,06 -0,46 -1,29  0,09  3,39
 48  4,01 -3,30  3,71 -0,51  3,45
 49 -1,20  0,36  4,00  3,45  1,54
 50  1,20  1,62 -2,93  0,81  1,28
 51  1,06 -1,16  4,57  4,95  0,99
 52 -4,44  4,20  0,89 -2,71  0,59
 53 -0,92  2,61 -1,46 -0,32 -2,65
 54  2,04  4,32 -3,96 -3,48 -3,66
 55 -1,90 -1,94  0,57 -2,05 -4,01
 56  1,48  0,81  3,86  1,77 -4,47
 57 -1,90  1,85 -4,36 -1,27  3,29
 58 -0,49  4,16  4,39 -0,22  2,97
 59 -1,20 -4,58 -2,75  0,87 -3,71
 60  3,87 -1,47  4,00  4,13 -2,39
 61 -1,90 -1,99  4,11 -0,11  2,62
 62  3,73 -3,24 -0,79  3,21  3,06
 63 -1,90 -3,70 -1,29 -4,06  4,03
 64  2,04  3,26 -3,21  1,85 -1,83
 65 -0,07 -2,00 -0,79 -0,91  1,79
 66  3,31  0,76  1,64 -3,55 -1,80
 67 -1,62 -0,73 -4,68  1,06 -0,01
 68  0,63  4,16 -4,57 -4,42 -2,59
 69 -3,45 -2,88 -3,54 -0,27 -1,87
 70  1,34  3,16 -2,63 -4,53 -2,24
 71  4,72 -3,82  3,75 -4,10  1,58
 72  0,63 -1,55  4,71  2,60 -3,21
 73 -3,17 -0,84  3,71 -2,54 -4,07
 74  0,92  0,21 -2,46  4,34 -0,60
 75 -3,31  2,79 -2,75  0,10  4,73
 76  2,75 -0,54 -2,43 -1,33  1,33
 77 -0,63 -4,56 -3,71  2,87  0,17
 78  1,06 -2,72  4,46 -4,22  0,41
 79 -2,18 -4,50 -0,07  1,94  3,22
 80  3,31  2,46  3,89  4,31 -4,45
 81  2,04 -3,98  4,54  1,69  1,93
 82  2,75 -4,26  3,14  3,67  1,57
 83  0,49  1,95  4,14 -0,54 -4,61
 84 -2,32  1,94  4,21  4,65  1,63
 85  1,20  3,68  1,75  4,51 -4,97
 86  0,21 -0,98 -2,93 -1,85  0,18
 87 -4,15 -2,41 -3,71  2,00 -2,09
 88  4,86 -2,51 -2,36  2,37  4,95
 89  3,45 -4,17  1,04 -4,69  2,62
 90  1,48  1,35 -1,75 -2,07 -0,14
 91  3,73 -3,28 -3,54 -1,18 -4,87
 92 -3,31  3,09  1,57 -1,83 -2,65
 93 -3,73  0,07 -1,96 -4,17 -2,38
 94  4,30 -1,95  2,82  0,03  4,65
 95 -0,49  4,53 -0,25  3,68 -4,38
 96 -4,44 -1,50 -3,32 -0,62 -4,58
 97 -4,44  0,91  2,07 -2,42  3,76
 98  1,48  1,80 -2,43 -3,07 -4,26
 99 -2,61  3,39  1,57  0,53  4,18
100 -4,01 -1,15  4,50 -2,66 -4,87
101  3,03  1,49  2,50 -0,60 -1,72
102 -4,01 -1,12 -3,00 -3,84 -2,18
103  2,46 -3,42 -1,57  0,65  2,43
104 -3,31 -2,71 -0,07  4,13 -2,73
105  4,30  1,99  3,36 -2,42 -0,12
106 -0,92 -3,36 -2,11  3,09  1,98
107 -2,04 -4,32  4,57 -2,41 -3,57
108 -2,89 -1,01 -2,96 -4,23 -3,37
109 -0,35 -4,38 -1,00  0,09 -1,21
110 -4,72 -2,39  3,43  0,68 -2,53
111  0,49 -5,00 -1,07  2,83  4,92
112 -3,31 -0,59 -3,93  1,23 -4,49
113 -1,48  1,62 -4,11  1,59 -0,47
114  3,17 -4,26  0,00 -4,28 -2,44
115 -0,35 -1,29 -0,96  4,53 -2,49
116  1,06  4,57  3,14  3,73  1,73
117 -2,89  2,42  2,86 -1,76  2,56
118 -4,01  0,98  0,29 -0,78 -4,18
119  0,21 -4,41  4,82 -0,74 -1,37
120 -3,03  0,70 -1,96  3,18 -2,72
121 -3,59 -3,91 -2,61 -0,70 -3,92
122  3,03  2,83  1,00  0,45  3,90
123 -0,35 -0,45 -3,21  4,56 -4,54
124  3,87 -4,00 -4,71 -3,56 -0,82
125 -1,90  2,80 -1,43 -4,17  1,34
126 -4,30  4,40  4,61  2,26 -3,18
127  1,20 -3,33 -3,00  0,59  0,37
128 -0,07  2,46 -2,29 -2,74  2,79
129 -3,17 -1,73  3,25 -3,94  4,60
130 -2,32 -3,16  1,68  0,31 -4,53
131 -2,04  3,20 -1,54  4,55  1,29
132  0,35  2,67  4,68  3,99  3,75
133 -2,18  3,13 -2,14 -2,66  2,51
134  0,92 -1,70 -3,64 -3,67 -2,53
135  0,49 -1,32  4,54  2,92 -0,95
136 -1,48 -0,26  0,43  0,88  0,70
137  1,48 -1,27  2,32  2,84 -1,57
138 -4,30 -3,03 -0,79  3,14 -4,58
139 -2,32  4,72  2,57 -3,96  0,92
140  0,07 -3,06 -3,46 -0,02  1,79
141  4,30 -4,47  0,14 -0,22  2,46
142  2,75 -1,32  1,89  0,69 -2,11
143 -4,15 -3,01  4,86 -2,85  3,95
144 -3,03  3,43  1,79 -3,41  4,20
145  2,75  3,11 -1,54  0,33 -3,01
146 -2,18  4,23  1,32 -3,36 -2,83
147 -0,49 -2,23  1,71 -3,53  2,59
148 -3,87 -4,86  0,04 -2,57 -1,33
149  1,90  1,93 -2,36  3,19  4,93
150  0,35 -4,04 -0,57  4,17  0,68
151  4,72  2,49  1,04 -2,84  2,73
152 -3,73  0,53 -3,36 -3,22  3,54
153 -2,89 -0,48 -4,29 -1,90  1,39
154  3,59  1,20  1,79  1,01 -0,10
155 -3,73  0,71  3,50  4,75  2,76
156 -2,32 -4,01 -2,68 -0,89  0,41
157 -0,63  3,66  0,32 -1,20 -3,45
158  4,01 -0,10  4,39 -2,40  3,49
159 -0,49  1,23 -1,11 -0,25  2,85
160  1,90  4,51  3,39  4,36  2,82
161  3,87 -4,80  0,64  1,38  3,06
162  0,63 -2,54  0,54 -2,50 -1,61
163  1,90 -2,68 -0,39 -3,18  0,26
164  3,31 -2,78  1,46  3,53  0,54
165  2,46  2,14  1,93 -3,83 -4,46
166 -3,31  2,46  1,75  3,69  1,02
167 -3,87  4,27 -3,46  0,30  3,05
168  3,45 -4,93  4,54  4,87 -1,56
169  1,20 -2,92 -1,07  2,94 -3,45
170 -4,58 -1,99  3,50  1,10  1,55
171  3,31  1,33 -3,54 -0,71  2,20
172 -0,21  0,10 -1,86 -4,80 -4,82
173  3,03  0,00  3,39 -4,93  0,06
174 -2,04 -0,83 -0,82 -3,10  2,03
175  2,75  1,82  4,36  3,46  0,41
176 -3,87 -0,90  3,11  2,39  0,47
177 -1,90 -1,97  3,93  3,86  3,48
178 -3,59 -0,80 -2,93  0,69  1,38
179 -3,45  0,18 -1,82 -1,42 -2,35
180 -0,49  2,57  4,64  4,22  3,07
181 -4,44 -4,12 -2,54  0,67  0,51
182 -2,32 -0,28  0,46  0,58 -0,20
183 -0,92  2,66 -2,14 -1,42 -4,61
184 -0,77 -3,61  2,57 -0,56  3,91
185 -1,62  3,75 -3,75  0,72 -2,71
186 -1,20 -4,28  4,68 -0,76  3,02
187  2,18 -2,94 -2,21 -3,32 -1,43
188  1,06 -4,71 -1,61 -3,48  2,86
189 -5,00 -4,14  4,18  4,44  3,90
190  3,87 -4,66 -2,39 -0,93 -4,23
191  4,15  0,06 -1,18  0,80 -4,78
192 -3,87 -2,53 -0,71  3,12  4,87
193 -0,77  2,50  3,57  4,32 -2,93
194 -1,90 -1,99 -4,46 -4,78 -3,01
195  1,20 -0,52 -1,00 -3,86 -2,97
196  0,07  3,75 -4,50 -2,13  4,33
197 -0,21 -4,90 -1,82 -1,33 -3,34
198  0,49  0,39 -1,39 -3,64  4,60
199  4,58 -1,96  3,82  5,00  0,05
200 -4,30  3,89  0,96  3,30  3,23
201  2,89 -0,38 -3,89 -4,47  2,53
202 -1,90  1,91 -0,93  0,91  0,59
203  1,90 -2,37  0,11  3,48 -3,61
204  4,44 -4,64  3,89  0,05 -2,02
205 -4,86 -4,56 -0,07 -3,16  4,02
206 -4,30  0,86  0,68  1,67  1,08
207 -0,21  2,49 -3,71 -2,32 -3,83
208 -2,04  3,21 -1,57 -0,56 -2,78
209 -4,72  4,18  0,43  3,00  0,08
210  2,32 -0,67 -4,82  1,74  0,59
211  1,48  1,88 -2,43  0,64  0,90
212  4,44 -1,11  4,86  0,47 -1,01
213 -2,04  4,45  4,57 -1,79 -3,04
214  0,49 -1,80  3,29 -4,99  0,08
215 -1,90 -0,88  4,14 -0,40  2,51
216  0,63 -1,42  4,79 -3,56  3,42
217  2,32  1,28 -1,18  0,09  2,53
218 -4,58 -2,99 -2,00 -4,76  0,87
219  0,21  2,39 -2,68 -3,83  0,01
220  2,18  1,86 -4,68  0,81  0,48
221  4,72 -3,24  0,89  4,01 -0,50
222 -4,15 -0,54  0,25  3,88  4,21
223 -1,48  1,73 -2,61  4,49  4,92
224  0,35  0,87 -3,14  2,00  3,91
225  3,73  2,03  0,04  1,19 -2,98
226  1,06  2,59  1,18  3,34 -3,89
227 -4,15  0,53 -2,36  3,40  4,39
228  4,01  3,55 -2,14 -1,46 -0,17
229 -1,20  1,70  1,86  0,22 -1,73
230  0,07  3,52  1,14 -3,48 -0,77
231 -4,72 -2,19 -0,18  4,14 -1,26
232 -2,89 -4,63 -2,57  0,48 -0,17
233 -1,62  1,19 -3,00  1,21  4,44
234 -3,87  3,68  1,68  1,35 -2,94
235 -0,21  0,57  2,54  0,69  4,62
236 -5,00  3,62  2,96 -1,35  4,08
237 -3,31 -2,91  2,32  2,64 -0,98
238 -0,49  1,94  3,54  2,81  1,70
239  2,18 -3,74  3,43  3,42 -3,23
240 -3,17 -2,75 -2,93  3,68 -3,80
241 -1,34  2,12 -3,93 -3,31 -2,48
242 -0,21  0,07  2,14  0,86 -1,56
243 -3,03 -4,17  3,43 -4,58 -1,23
244  3,03 -1,64  3,25  4,90 -2,21
245 -0,35  2,70  4,50 -4,62 -0,34
246 -4,86  3,13 -3,64  4,98  1,22
247  0,07 -3,03  1,79  0,43 -0,36
248 -3,59 -1,48  4,43 -0,94  1,64
249 -3,87  2,95  1,21  2,95  4,98
250  2,75  1,96  0,93 -2,65 -1,17
251 -0,49  3,80  1,93  0,14  0,72
252  2,04 -4,20  2,79  3,29 -3,22
253 -1,62  2,30 -0,11 -4,61  3,64
254  0,07  1,40  3,29 -4,53  1,25
255 -0,49  2,32  2,46 -0,87 -3,40
256  3,87  0,54  1,50  4,69  2,99
257 -0,21 -4,53 -3,07 -3,10 -0,09
258 -3,17 -2,65 -4,61  3,07 -1,58
259  0,77  3,09 -1,50  0,54  1,23
260 -2,61  2,86 -2,00 -2,91  0,93
261  4,44 -2,35  2,71  0,68  3,41
262 -0,07  2,68 -2,79  4,19  0,34
263 -0,49 -3,99  3,07  4,77 -2,56
264  4,44 -1,82  3,21 -2,81 -2,62
265  3,87  3,94  3,29  1,82  3,95
266  4,72 -0,90  1,71 -4,22  2,09
267  1,20  3,31 -4,07 -4,32  0,11
268  1,76 -0,44  4,96  3,68 -4,24
269 -4,72  3,85  3,39 -1,03 -2,49
270  3,59 -4,93 -3,14 -2,38  1,44
271 -1,20 -3,23  2,36 -0,88 -4,80
272  2,75 -0,86  2,36  0,50 -2,61
273 -3,17 -2,28 -2,39 -4,82 -1,86
274 -1,20 -3,25  1,32  3,33 -1,59
275  1,06  3,39  3,82  3,87 -3,19
276  1,90 -3,68  3,04 -3,14  3,97
277  4,44 -4,17 -0,39  2,27  2,97
278 -3,31  4,00  1,00  1,84  2,73
279 -0,35 -2,60  4,93  3,96  2,26
280 -3,31  1,70  3,32 -2,25 -3,32
281  5,00 -4,43  2,43 -4,66 -4,02
282 -3,59 -1,15 -2,07  3,17  0,22
283  0,49 -4,10 -0,46 -2,82  3,98
284 -0,21  1,64 -1,86 -0,51  2,73
285  3,45  1,38 -0,50 -3,57  2,72
286  0,77 -1,22 -3,61 -3,63  2,27
287 -1,76  4,29  2,57 -0,42  4,40
288 -1,90 -4,01  3,39 -1,45  4,32
289 -3,17 -2,81 -2,25  3,63  2,43
290 -2,89 -3,39  4,39 -1,52 -1,09
291  0,77 -1,03  4,79  4,76 -2,72
292  2,61  3,54 -0,11  4,76 -4,06
293  2,18  3,11  4,82  1,62  1,31
294 -2,18 -4,06 -1,86 -1,43  4,59
295  2,32  1,42 -1,32 -3,25  3,40
296 -3,73  3,25 -1,61 -3,28 -2,13
297 -3,31  4,49 -5,00  4,47 -4,57
298  0,92 -0,97 -4,61 -0,05  1,48
299 -0,77 -0,18 -4,54  0,08 -1,46
300 -1,76  0,73  0,71  3,96  1,86
301 -1,06 -0,70 -3,25 -5,00  0,24
302  3,31 -3,48 -4,04 -0,99  4,65
303 -3,45  2,88 -1,57  3,53 -3,72
304 -4,86 -4,14 -1,86 -4,58 -0,34
305 -0,49 -0,82  2,21 -1,87 -3,34
306 -4,44  3,54  0,18  1,50  2,99
307 -3,17  0,95  3,04 -2,36  2,44
308 -4,58  4,06  2,54 -3,66 -0,95
309 -0,49 -0,82  1,25  2,95 -1,09
310  3,87  0,28 -4,21  3,42 -0,38
311 -0,07 -2,92 -3,57  3,98  4,42
312 -1,62  0,61  2,71 -0,29  3,66
313  4,30  2,17  1,25 -0,24 -1,91
314 -0,35  1,03  4,86  4,81 -4,44
315 -3,03 -3,63 -1,54 -1,92 -4,65
316 -4,15  3,84 -4,04  0,66  3,12
317  2,89  4,69 -0,93  2,53  0,68
318 -4,15 -2,29  2,32 -4,97  1,45
319 -2,61  5,00  4,00 -2,88 -4,18
320 -3,03 -3,70  2,00  3,45 -1,50
321  4,01 -1,58  4,36  0,94  2,86
322  3,87 -3,02  0,04  2,22  2,90
323  3,17 -2,67  2,50 -0,60 -1,72
324 -4,44 -2,43 -1,64 -0,37  3,66
325  4,15  4,98 -0,11  2,40  2,58
326 -2,46  0,23 -3,04 -4,44  0,22
327 -1,90 -0,68  1,04 -2,02  2,93
328  3,45  1,86 -0,86  0,03 -0,42
329  1,48  2,84 -1,29 -1,90 -0,34
330  4,15  4,33 -4,21  1,58  2,92
331 -1,76 -2,50 -3,89  4,34  0,56
332  2,61 -1,40  4,43  1,01 -3,79
333 -2,61 -1,81 -2,57  1,78 -4,00
334 -0,35 -1,00 -2,79 -4,02  0,21
335 -0,35 -4,15  4,82 -0,56  2,05
336 -1,62  1,28  2,36  0,52 -3,91
337 -1,20  3,10  4,39 -0,91  2,95
338 -3,31 -1,99  2,14  0,98 -2,74
339  4,01  3,26 -0,25 -0,65 -1,26
340 -3,87  2,51  0,57 -3,97 -1,20
341  3,87 -4,58  4,14  3,42  1,68
342  2,75 -0,02 -4,07  3,87 -0,56
343 -1,62  3,65 -0,82 -3,00  0,05
344 -0,77  2,71  1,93  3,12  4,79
345 -2,32 -1,60 -2,07  4,83 -3,74
346  1,20  2,67 -2,86  1,85  4,18
347  3,03 -3,24  2,71 -2,01  1,82
348  2,75  1,19  2,36 -0,67 -2,37
349  0,07 -0,65 -4,39 -2,91 -0,46
350  1,06  3,77 -0,54 -0,96 -2,60
351  4,58  4,40 -3,04  0,54 -0,45
352 -4,44  3,71  0,00 -3,99  1,29
353 -3,87  0,32 -0,21  2,31 -1,31
354 -1,48  4,21 -1,54  2,33 -1,00
355 -1,06  3,45 -0,96 -3,97  2,13
356 -3,73 -4,48 -0,18 -4,77  0,53
357 -3,59  0,65  1,64  2,66 -0,55
358  1,62 -2,05  3,07  0,73 -1,67
359 -1,34 -2,50 -3,21  0,22  5,00
360 -1,20 -1,89  4,75  0,82 -3,29
361 -1,48  3,31 -1,14 -4,71 -1,62
362  2,61  3,08  2,57  0,98  3,59
363 -3,45 -1,92 -1,61 -2,79  1,19
364 -2,18 -1,49 -2,21 -0,55 -0,89
365 -0,21 -0,32  0,57  0,51 -0,01
366 -0,21  2,95  3,46 -1,97  2,81
367 -3,45  3,76 -2,43 -2,54  3,33
368 -4,30 -2,68 -3,54  2,31  2,31
369 -4,30  2,69  3,36 -0,67 -4,96
370 -0,49 -2,89 -2,57  0,60 -2,21
371  0,21  4,89  3,57 -0,59  1,35
372 -0,49  3,99  3,43 -1,11 -4,16
373 -1,20 -4,95 -2,36 -3,00  3,84
374  1,48 -4,25 -4,68 -2,50 -1,03
375  2,75  4,55 -3,86  4,05  3,13
376 -0,77 -4,84  4,86  2,57  0,52
377  4,30  4,97 -0,25  4,57 -4,97
378  1,76 -3,38 -0,07  3,05  3,59
379 -4,15  2,24 -1,61  4,94  3,69
380 -3,31  1,56 -2,36 -4,04 -4,02
381  1,90  2,13  1,43  1,41 -0,95
382  1,90  3,29 -0,50  0,08  4,26
383  4,15 -3,68  2,36 -1,64  2,07
384 -3,73 -1,77 -4,68  1,76  1,32
385  4,72  0,90  0,79  3,10  1,36
386 -3,03  4,60 -3,46 -3,89  2,83
387 -3,87  0,32 -4,00 -3,36 -0,74
388 -0,77  2,89  4,07 -4,57 -3,09
389 -3,45  0,04 -3,18  3,70 -4,36
390 -3,73 -1,07  1,68  2,11 -1,30
391 -2,61 -1,61 -3,43 -3,88  1,34
392 -1,62 -4,40 -4,43 -3,92 -4,31
393 -3,45  4,76  3,79  1,56 -4,49
394  1,20 -0,58  4,68 -4,60  4,21
395  0,77  2,44  1,50 -2,00  1,96
396  1,06  4,02  1,32  0,51 -0,45
397 -4,44 -1,05 -0,61  2,74  3,04
398  1,06  2,69 -1,54  3,02 -0,15
399 -2,18  0,80  1,14 -0,04 -4,65
400  1,20  1,34 -4,71 -1,28  2,38
401  0,63  0,35 -3,79  3,94  1,87
402 -4,58 -3,77  2,93  3,53  0,43
403 -3,45 -3,46 -4,46  1,98  1,61
404  3,87 -2,52 -4,82 -0,91  1,79
405 -0,07  1,74 -1,86  0,68 -0,19
406  0,63  0,72 -4,36 -0,75  3,30
407 -0,21 -3,46 -2,71 -3,89  4,38
408  0,92  4,86  2,07 -4,50  3,77
409  2,89  3,78  3,32 -0,01 -0,73
410  3,31  3,34 -2,89 -0,49  2,57
411 -2,18  3,28 -3,75 -1,60 -2,30
412  3,73 -3,76 -3,75  2,43 -2,26
413 -3,17 -1,69  1,00 -0,41 -2,74
414 -4,72 -1,51  4,64 -4,55 -1,34
415 -0,07  4,94  5,00  1,63 -3,22
416 -0,63  2,35 -2,36  4,31 -4,84
417  4,15 -4,87 -2,32  3,25 -1,44
418  1,20 -4,83 -2,93  2,08  2,70
419  1,90 -2,91  2,89  3,88  4,16
420  2,18 -3,33  1,04 -4,00 -2,71
421  4,58 -4,36 -5,00 -3,06  3,41
422 -1,76 -0,42 -3,43 -0,11 -0,02
423 -3,73  0,40 -3,64 -3,14 -4,17
424 -0,92 -3,57 -4,61  4,96 -0,41
425  0,92  2,56  4,79 -2,83 -2,84
426  0,49 -3,37  1,75  2,52  3,74
427  3,03 -1,20 -0,75  2,26  4,16
428 -0,63 -0,21  4,32  4,73 -3,69
429  4,15 -2,06 -4,93  4,64  3,77
430  2,18  2,49  1,71 -2,93  3,52
431 -0,49  3,59  1,43  0,57 -0,29
432 -1,48 -1,34 -1,57  2,09  4,00
433 -3,31 -4,94 -3,04 -3,34 -2,98
434  4,01  3,01  0,57  3,55 -1,19
435  1,62 -3,98 -1,64  3,06 -4,55
436  2,75  1,22  4,11  3,50  2,32
437  2,89  1,95  3,86 -4,60  3,81
438 -0,35  1,46  3,04  1,86  3,22
439 -4,01 -3,15  3,00 -0,15 -3,50
440 -4,01 -3,46 -3,86  4,82 -4,97
441 -4,72  3,94  4,50  3,88  2,49
442  0,07  4,21 -1,18 -2,94  3,07
443  1,34  2,06  2,39  3,78 -1,88
444  3,17 -3,88 -0,50 -3,27 -3,99
445 -0,21 -0,14 -3,64 -2,36  1,67
446 -0,49 -0,41  3,36  1,52  3,39
447  4,58  1,34 -2,86 -0,57 -4,21
448 -2,18  1,86  3,68 -0,88  3,61
449 -3,45  0,18  4,21  1,91 -4,23
450 -2,46 -4,82  3,21 -0,07  0,13
451  1,20  0,49  3,32  3,91  1,38
452 -1,48  2,98 -2,86 -3,05  3,67
453  1,48  2,11 -1,32  2,19  0,97
454  3,73  4,80  1,36  1,22  0,30
455 -3,45 -4,66  1,93 -0,22 -3,20
456  3,73  0,90  4,21 -2,79  1,62
457  4,72 -1,06 -2,25 -0,50  4,69
458  4,01 -4,18 -2,64  4,53 -4,72
459 -2,18  3,59  2,86 -1,54 -3,58
460  4,44  3,37 -2,36  3,16  2,83
461 -0,21 -1,18 -3,21  1,58 -0,90
462  3,59  3,95 -4,29 -2,04  1,20
463  1,06 -2,75  0,07 -0,18  2,13
464  4,30  0,53 -2,86 -0,61 -4,19
465 -0,77 -4,31 -3,86 -1,22 -3,93
466  2,89 -4,24  1,21 -1,37  2,64
467 -2,04  1,03 -0,39 -2,72  2,77
468  4,72 -4,86  0,21 -4,57 -1,06
469  3,59  3,63  3,93 -2,06 -4,39
470 -1,62 -4,38  1,54 -0,30 -2,19
471 -4,86  4,50 -4,00 -2,18  1,51
472 -4,44  1,37  2,86  1,30  4,58
473  1,90 -4,26 -1,50  2,07  1,78
474  2,89  0,83  1,07 -1,05 -3,64
475  0,77  4,72  2,75 -0,72 -0,92
476  0,49  4,66  4,21 -4,34 -4,42
477 -1,76 -2,97  3,07 -4,11  0,88
478  0,49  0,24  0,43 -2,88 -0,11
479 -3,87 -0,02  0,79  0,70  4,69
480 -0,35 -3,11  2,07 -2,93  2,35
481  0,63  4,47 -1,07 -2,92  3,71
482 -0,07 -0,96 -0,93  3,70 -5,00
483  4,01 -4,11 -2,18  3,29 -1,09
484  1,48  1,32  1,21 -4,92 -3,48
485 -0,77 -2,50  2,89  3,74 -4,90
486  4,58  1,62 -4,57 -4,99  1,71
487  1,48 -0,58 -3,82 -4,59  1,14
488  4,44  0,61 -1,39 -2,29  4,24
489  1,48 -1,85  2,04  1,39 -4,74
490 -3,45 -3,44 -3,18  0,93 -0,82
491  4,15 -2,95  3,93 -2,17 -0,68
492 -2,61 -0,24 -2,29  4,56 -1,79
493  1,34 -2,25  3,75 -2,36 -0,78
494  1,62 -4,29 -0,64  1,41  4,66
495  0,35 -1,97  1,00 -2,74  2,04
496 -0,35  4,11 -0,43 -3,94  1,91
497 -0,35  4,94  2,57  3,28 -4,57
498 -0,63 -1,99 -1,57  4,35 -1,88
499 -3,45 -3,44 -4,25 -2,79  4,15
500  1,48 -4,36  2,68  1,41 -0,44