Ind. Age Bmi Glicose Insulin Mcp1 NeuralNet Results                   Original Results
  1  4,57 -2,47 -3,07  1,97  2,54 1 [0,94081 0,94081 0,94081 0,94081] 1 [0,92700 0,05000 0,08900 0,02800]
  2  0,57 -2,04 -4,93  3,54  2,37 1 [0,87085 0,87085 0,87085 0,87085] 1 [0,92000 0,01000 0,03700 0,05100]
  3  4,43 -3,47 -4,57  4,62  4,76 1 [0,94873 0,94873 0,94873 0,94873] 1 [0,92900 0,04200 0,08000 0,03400]
  4  2,86 -2,37 -2,21  2,01  3,36 1 [0,94144 0,94144 0,94144 0,94144] 1 [0,92300 0,04900 0,05100 0,09500]
  5  0,86 -4,72 -1,36  2,09  3,24 1 [0,88975 0,88975 0,88975 0,88975] 1 [0,94600 0,03100 0,03400 0,01300]
  6  4,14 -3,94 -4,07  1,58  4,84 1 [0,93325 0,93325 0,93325 0,93325] 1 [0,86600 0,09600 0,07200 0,05600]
  7  2,57 -2,89 -4,86  2,79  3,73 1 [0,91742 0,91742 0,91742 0,91742] 1 [0,84600 0,02100 0,01200 0,08300]
  8  2,43 -4,94 -3,29  2,95  4,39 1 [0,92070 0,92070 0,92070 0,92070] 1 [0,86700 0,06400 0,03600 0,07900]
  9  2,86 -4,23 -2,43  1,72  2,96 1 [0,90869 0,90869 0,90869 0,90869] 1 [0,97400 0,01100 0,03900 0,00800]
 10  0,71 -2,13 -3,57  3,79  4,89 1 [0,94166 0,94166 0,94166 0,94166] 1 [0,95400 0,00600 0,09100 0,09300]
 11  1,29 -2,36 -4,50  3,91  3,04 1 [0,91810 0,91810 0,91810 0,91810] 1 [0,90000 0,05300 0,07400 0,06400]
 12  0,14 -3,85 -3,36  2,91  1,92 1 [0,79810 0,79810 0,79810 0,79810] 1 [0,96600 0,02500 0,05800 0,01200]
 13  3,00 -2,89 -2,21  3,31  2,91 1 [0,94378 0,94378 0,94378 0,94378] 1 [0,83900 0,01500 0,06800 0,09200]
 14  4,43 -3,61 -2,29  2,25  2,48 1 [0,93903 0,93903 0,93903 0,93903] 1 [0,88900 0,00600 0,08500 0,05900]
 15  3,43 -4,10 -2,86  2,16  2,55 1 [0,91459 0,91459 0,91459 0,91459] 1 [0,86800 0,09200 0,02600 0,00800]
 16  2,43 -2,57 -4,36  1,53  4,74 1 [0,92411 0,92411 0,92411 0,92411] 1 [0,89000 0,08400 0,00800 0,06400]
 17  3,00 -4,54 -2,21  1,77  3,58 1 [0,92162 0,92162 0,92162 0,92162] 1 [0,98400 0,08000 0,02100 0,03800]
 18  3,86 -2,98 -2,64  1,46  2,86 1 [0,93334 0,93334 0,93334 0,93334] 1 [0,84300 0,02200 0,06100 0,01700]
 19  2,29 -2,84 -3,07  1,83  2,01 1 [0,89282 0,89282 0,89282 0,89282] 1 [0,93000 0,07900 0,03500 0,05300]
 20  4,29 -4,16 -3,50  4,48  1,93 1 [0,93745 0,93745 0,93745 0,93745] 1 [0,92000 0,03000 0,06800 0,03400]
 21  2,29 -4,45 -3,43  1,81  3,88 1 [0,88947 0,88947 0,88947 0,88947] 1 [0,99900 0,04700 0,04400 0,06700]
 22  3,86 -2,44 -4,36  3,02  4,67 1 [0,94616 0,94616 0,94616 0,94616] 1 [0,82400 0,07400 0,02800 0,04300]
 23  3,43 -3,42 -1,64  3,66  5,00 1 [0,95053 0,95053 0,95053 0,95053] 1 [0,94600 0,05800 0,07400 0,01600]
 24  4,14 -4,72 -1,50  4,71  4,58 1 [0,95071 0,95071 0,95071 0,95071] 1 [0,92900 0,04600 0,07200 0,05500]
 25  3,14 -2,28 -3,71  4,46  2,20 1 [0,94230 0,94230 0,94230 0,94230] 1 [0,81700 0,00400 0,00600 0,00600]
 26  1,71 -4,10 -4,79  3,50  2,75 1 [0,85469 0,85469 0,85469 0,85469] 1 [0,95500 0,00400 0,07300 0,05800]
 27  0,43 -2,25 -4,07  3,93  4,76 1 [0,93552 0,93552 0,93552 0,93552] 1 [0,98800 0,00300 0,04400 0,07700]
 28  3,29 -4,99 -1,64  4,34  2,13 1 [0,93812 0,93812 0,93812 0,93812] 1 [0,99100 0,01800 0,07400 0,05200]
 29  3,57 -4,01 -2,57  2,65  2,25 1 [0,92574 0,92574 0,92574 0,92574] 1 [0,90600 0,02500 0,08700 0,06700]
 30  0,86 -4,01 -1,50  4,66  1,95 1 [0,92666 0,92666 0,92666 0,92666] 1 [0,96500 0,03600 0,09100 0,06000]
 31  1,71  4,98  2,07 -4,32 -4,08 1 [0,89654 0,89654 0,89654 0,89654] 2 [0,05700 0,91100 0,00500 0,02200]
 32  1,43  4,16  4,00 -4,52 -1,61 1 [0,94032 0,94032 0,94032 0,94032] 2 [0,08100 0,95600 0,06600 0,03600]
 33  2,71  2,72  1,21 -3,89 -1,73 1 [0,91154 0,91154 0,91154 0,91154] 2 [0,05900 0,91600 0,04100 0,01300]
 34  1,57  4,52  2,43 -4,51 -2,24 1 [0,92411 0,92411 0,92411 0,92411] 2 [0,09100 0,94000 0,05500 0,02100]
 35  1,00  4,77  3,14 -4,31 -4,96 1 [0,87526 0,87526 0,87526 0,87526] 2 [0,07700 0,80600 0,00800 0,04900]
 36  1,86  2,05  1,64 -3,39 -4,99 1 [0,77117 0,77117 0,77117 0,77117] 2 [0,04100 0,81500 0,05700 0,02000]
 37  3,43  4,98  3,29 -4,42 -2,55 1 [0,94610 0,94610 0,94610 0,94610] 2 [0,03100 0,97000 0,09100 0,08500]
 38  2,71  3,63  2,86 -3,59 -3,88 1 [0,92354 0,92354 0,92354 0,92354] 2 [0,05100 0,81000 0,03300 0,07900]
 39  2,00  2,73  4,64 -3,55 -2,60 1 [0,93876 0,93876 0,93876 0,93876] 2 [0,02300 0,89200 0,02900 0,04500]
 40  2,14  2,95  4,86 -4,18 -2,01 1 [0,94204 0,94204 0,94204 0,94204] 2 [0,07400 0,85800 0,01600 0,08400]
 41  3,43  3,09  4,93 -4,79 -3,14 1 [0,94069 0,94069 0,94069 0,94069] 2 [0,02700 0,97900 0,02400 0,07100]
 42  4,29  3,42  1,14 -3,40 -1,55 1 [0,94275 0,94275 0,94275 0,94275] 2 [0,00300 0,87600 0,01000 0,08600]
 43  1,57  4,02  3,64 -4,24 -3,78 1 [0,91513 0,91513 0,91513 0,91513] 2 [0,07500 0,81400 0,00400 0,08300]
 44  3,43  4,23  2,50 -4,59 -4,85 1 [0,90522 0,90522 0,90522 0,90522] 2 [0,08800 0,87800 0,01800 0,09400]
 45  3,86  4,09  4,64 -4,09 -4,82 1 [0,94160 0,94160 0,94160 0,94160] 2 [0,04000 0,88900 0,01100 0,06600]
 46  2,29  2,40  4,50 -5,00 -3,57 1 [0,90294 0,90294 0,90294 0,90294] 2 [0,07500 0,80800 0,08700 0,08600]
 47  2,43  2,71  3,64 -4,88 -2,75 1 [0,91403 0,91403 0,91403 0,91403] 2 [0,05200 0,82800 0,02100 0,04700]
 48  3,29  3,82  5,00 -4,32 -3,68 1 [0,94373 0,94373 0,94373 0,94373] 2 [0,09200 0,97100 0,00400 0,09300]
 49  3,57  3,91  2,93 -3,74 -2,62 1 [0,94346 0,94346 0,94346 0,94346] 2 [0,05200 0,82400 0,07200 0,05300]
 50  3,00  2,56  3,29 -4,62 -4,03 1 [0,89227 0,89227 0,89227 0,89227] 2 [0,03100 0,92400 0,04800 0,10000]
 51  2,71  2,26  3,36 -3,80 -2,56 1 [0,92678 0,92678 0,92678 0,92678] 2 [0,03500 0,91200 0,10000 0,08700]
 52  1,71  4,85  1,14 -4,77 -4,48 1 [0,82909 0,82909 0,82909 0,82909] 2 [0,01300 0,85900 0,04300 0,03300]
 53  1,43  4,54  2,21 -3,96 -4,46 1 [0,87918 0,87918 0,87918 0,87918] 2 [0,09000 0,94000 0,07000 0,02600]
 54  3,29  4,84  1,43 -3,21 -4,58 1 [0,92411 0,92411 0,92411 0,92411] 2 [0,04900 0,99100 0,07700 0,06400]
 55  2,71  3,87  1,86 -4,09 -2,14 1 [0,92968 0,92968 0,92968 0,92968] 2 [0,02500 0,82300 0,02900 0,08700]
 56  3,43  2,59  1,21 -4,94 -2,86 1 [0,86805 0,86805 0,86805 0,86805] 2 [0,06200 0,89200 0,07300 0,01100]
 57  4,00  3,76  1,43 -4,82 -4,13 1 [0,89336 0,89336 0,89336 0,89336] 2 [0,08200 0,96600 0,04700 0,05400]
 58  1,00  2,66  1,86 -4,46 -4,31 1 [0,75263 0,75263 0,75263 0,75263] 2 [0,07700 0,96100 0,05000 0,02900]
 59  0,29  3,67  3,86 -3,89 -3,60 1 [0,89576 0,89576 0,89576 0,89576] 2 [0,01400 0,94100 0,09700 0,02600]
 60  2,00  4,80  3,14 -3,78 -3,64 1 [0,93296 0,93296 0,93296 0,93296] 2 [0,03100 0,94600 0,04500 0,00400]
 61  3,57  4,65  2,29  1,57  3,34 1 [0,95254 0,95254 0,95254 0,95254] 3 [0,07100 0,08300 0,94600 0,02100]
 62  1,29  2,61  2,43  3,50  4,98 1 [0,95253 0,95253 0,95253 0,95253] 3 [0,07300 0,07300 0,88500 0,03700]
 63  0,43  3,29  2,86  4,89  3,80 1 [0,95254 0,95254 0,95254 0,95254] 3 [0,03100 0,07100 0,85700 0,08600]
 64  3,43  4,32  2,57  2,65  2,55 1 [0,95254 0,95254 0,95254 0,95254] 3 [0,00200 0,03900 0,93900 0,03400]
 65  1,43  3,50  1,57  4,58  3,74 1 [0,95253 0,95253 0,95253 0,95253] 3 [0,09200 0,06500 0,91200 0,03500]
 66  1,29  2,96  2,57  3,30  2,13 1 [0,95242 0,95242 0,95242 0,95242] 3 [0,04600 0,03600 0,90600 0,05300]
 67  4,86  3,98  2,57  3,29  3,30 1 [0,95257 0,95257 0,95257 0,95257] 3 [0,07300 0,01800 0,96300 0,05200]
 68  4,43  2,05  3,93  2,64  4,12 1 [0,95256 0,95256 0,95256 0,95256] 3 [0,04800 0,09000 0,94900 0,03300]
 69  1,43  2,25  3,00  4,99  1,85 1 [0,95249 0,95249 0,95249 0,95249] 3 [0,06900 0,00500 0,90500 0,01200]
 70  0,86  2,70  1,79  4,43  2,02 1 [0,95239 0,95239 0,95239 0,95239] 3 [0,09500 0,02100 0,96400 0,08100]
 71  3,29  4,06  2,07  2,66  2,07 1 [0,95252 0,95252 0,95252 0,95252] 3 [0,06700 0,07500 0,96200 0,09500]
 72  1,29  2,71  1,36  3,68  4,42 1 [0,95249 0,95249 0,95249 0,95249] 3 [0,01500 0,03500 0,84100 0,00700]
 73  2,29  4,90  2,14  3,15  4,37 1 [0,95256 0,95256 0,95256 0,95256] 3 [0,01400 0,09700 0,95500 0,07000]
 74  4,86  3,33  4,71  2,59  2,08 1 [0,95256 0,95256 0,95256 0,95256] 3 [0,03000 0,09700 0,89900 0,04400]
 75  1,00  4,98  4,43  4,66  3,38 1 [0,95257 0,95257 0,95257 0,95257] 3 [0,09100 0,09900 0,85000 0,02700]
 76  3,43  4,77  3,29  2,61  1,72 1 [0,95255 0,95255 0,95255 0,95255] 3 [0,03800 0,06900 0,89500 0,00300]
 77  3,57  4,89  4,21  3,66  2,02 1 [0,95257 0,95257 0,95257 0,95257] 3 [0,00800 0,07800 0,87900 0,02800]
 78  4,00  4,84  1,57  2,80  1,65 1 [0,95253 0,95253 0,95253 0,95253] 3 [0,07500 0,04100 0,97000 0,07200]
 79  3,71  4,31  4,07  4,77  2,47 1 [0,95257 0,95257 0,95257 0,95257] 3 [0,04100 0,06100 0,96200 0,05200]
 80  0,29  2,66  4,64  2,53  3,82 1 [0,95251 0,95251 0,95251 0,95251] 3 [0,06900 0,01800 0,88100 0,04100]
 81  1,14  3,31  2,14  2,15  4,94 1 [0,95250 0,95250 0,95250 0,95250] 3 [0,01600 0,02500 0,93600 0,08900]
 82  3,14  4,47  1,21  2,65  4,43 1 [0,95255 0,95255 0,95255 0,95255] 3 [0,01000 0,00500 0,96600 0,02300]
 83  2,71  4,56  1,29  4,88  3,68 1 [0,95256 0,95256 0,95256 0,95256] 3 [0,03500 0,01600 0,87700 0,07300]
 84  3,14  2,40  1,36  4,55  4,68 1 [0,95255 0,95255 0,95255 0,95255] 3 [0,00100 0,02600 0,95600 0,09300]
 85  2,14  2,14  1,14  4,83  2,57 1 [0,95246 0,95246 0,95246 0,95246] 3 [0,01900 0,03200 0,85400 0,09000]
 86  0,29  3,76  3,93  5,00  2,97 1 [0,95255 0,95255 0,95255 0,95255] 3 [0,08100 0,03500 0,95200 0,02500]
 87  3,14  2,07  2,21  4,04  4,86 1 [0,95255 0,95255 0,95255 0,95255] 3 [0,01200 0,05800 0,86600 0,00700]
 88  4,57  2,36  1,14  2,26  4,07 1 [0,95252 0,95252 0,95252 0,95252] 3 [0,05100 0,00600 0,89100 0,07100]
 89  2,29  2,64  4,93  4,84  2,15 1 [0,95256 0,95256 0,95256 0,95256] 3 [0,02900 0,06500 0,84400 0,03600]
 90  1,43  2,99  1,50  1,68  3,80 1 [0,95234 0,95234 0,95234 0,95234] 3 [0,02900 0,05400 0,84800 0,04100]
 91 -1,71 -4,91 -1,79 -4,39  1,51 1 [0,62586 0,62586 0,62586 0,62586] 4 [0,08800 0,00800 0,02500 0,88500]
 92 -3,71  2,77  3,07 -1,70 -0,14 1 [0,89470 0,89470 0,89470 0,89470] 4 [0,08400 0,07600 0,01500 0,85500]
 93 -3,43 -1,35  4,36 -1,33 -1,09 1 [0,77072 0,77072 0,77072 0,77072] 4 [0,06200 0,02000 0,02400 0,81200]
 94 -4,71  4,79 -3,07  4,69  0,82 1 [0,93296 0,93296 0,93296 0,93296] 4 [0,05400 0,02600 0,01400 0,84200]
 95 -2,71  5,00  0,21 -2,38 -4,06 1 [0,72459 0,72459 0,72459 0,72459] 4 [0,02400 0,09600 0,05400 0,85300]
 96 -3,43 -2,59  3,71 -0,74 -4,99 1 [0,63919 0,63919 0,63919 0,63919] 4 [0,00400 0,06600 0,09100 0,84300]
 97 -2,14  1,42  3,14 -3,73 -2,17 1 [0,74290 0,74290 0,74290 0,74290] 4 [0,08100 0,03900 0,06600 0,94700]
 98 -2,86  3,00  1,36 -2,19  0,53 1 [0,88171 0,88171 0,88171 0,88171] 4 [0,01400 0,04200 0,07700 0,88700]
 99 -2,14 -4,55  3,21  4,70  0,84 1 [0,92791 0,92791 0,92791 0,92791] 4 [0,08500 0,06000 0,05000 0,81000]
100 -5,00 -2,91  4,00  2,42 -2,95 1 [0,70676 0,70676 0,70676 0,70676] 4 [0,08300 0,02300 0,04100 0,88300]
101 -4,14  1,90 -4,86  4,29  2,21 1 [0,86699 0,86699 0,86699 0,86699] 4 [0,02700 0,09200 0,02200 0,95400]
102 -2,00 -3,13 -2,71  1,78 -1,12 1 [0,64767 0,64767 0,64767 0,64767] 4 [0,02100 0,00800 0,05200 0,87700]
103 -2,29 -3,86  1,57  4,65  3,77 1 [0,94245 0,94245 0,94245 0,94245] 4 [0,02700 0,01300 0,06200 0,83400]
104 -3,29  2,04 -3,36  1,64  1,14 1 [0,81672 0,81672 0,81672 0,81672] 4 [0,03800 0,06600 0,05400 0,82200]
105 -4,29 -0,46 -1,50  2,57  1,22 1 [0,78801 0,78801 0,78801 0,78801] 4 [0,03500 0,02000 0,08300 1,00000]
106 -4,00  1,23  1,14 -1,89 -0,69 1 [0,71468 0,71468 0,71468 0,71468] 4 [0,05900 0,03400 0,00200 0,87700]
107 -3,29  1,26  2,29 -2,87 -2,80 1 [0,67880 0,67880 0,67880 0,67880] 4 [0,01800 0,06800 0,02800 0,86900]
108 -0,86 -2,26 -3,79  3,24 -0,29 1 [0,72384 0,72384 0,72384 0,72384] 4 [0,01700 0,10000 0,05900 0,83400]
109 -3,86  1,90  4,07  0,25 -4,07 1 [0,82207 0,82207 0,82207 0,82207] 4 [0,07000 0,04200 0,07900 0,88500]
110 -1,29 -0,69  1,29 -0,17 -2,91 1 [0,73116 0,73116 0,73116 0,73116] 4 [0,01000 0,07900 0,08400 0,92300]
111 -0,86  1,96 -1,71  0,04 -0,05 1 [0,86627 0,86627 0,86627 0,86627] 4 [0,01000 0,03600 0,01400 0,85800]
112 -1,29 -2,96 -3,50 -1,21  1,26 1 [0,64216 0,64216 0,64216 0,64216] 4 [0,08700 0,08600 0,08400 0,93100]
113 -1,43 -5,00  1,36 -1,13  1,34 1 [0,69357 0,69357 0,69357 0,69357] 4 [0,07700 0,04900 0,07600 0,80400]
114 -2,86 -2,02  1,93  3,27  0,69 1 [0,91134 0,91134 0,91134 0,91134] 4 [0,01600 0,03900 0,08000 0,88900]
115 -0,86 -3,92  2,14 -0,04 -3,22 1 [0,66788 0,66788 0,66788 0,66788] 4 [0,01600 0,08600 0,01200 0,87100]
116 -1,00 -3,57 -3,00  0,64 -0,19 1 [0,64839 0,64839 0,64839 0,64839] 4 [0,06400 0,00500 0,09500 0,82100]
117 -1,29 -4,25  4,21  3,44 -1,42 1 [0,90455 0,90455 0,90455 0,90455] 4 [0,05600 0,08600 0,09100 0,84300]
118 -4,43  0,41 -0,93 -3,30 -2,10 1 [0,62787 0,62787 0,62787 0,62787] 4 [0,02700 0,01900 0,01700 0,80600]
119 -3,57  1,30  3,36 -4,80  4,68 1 [0,91054 0,91054 0,91054 0,91054] 4 [0,02600 0,05700 0,01500 0,95700]
120 -2,14  0,21  0,71  1,33  3,29 1 [0,93995 0,93995 0,93995 0,93995] 4 [0,07500 0,08300 0,07000 0,88700]
121  4,57 -2,70 -2,36 -3,44 -1,70 1 [0,67365 0,67365 0,67365 0,67365] 4 [0,05600 0,04500 0,00800 0,99600]
122  2,43 -4,16 -1,43 -4,64 -1,77 1 [0,63041 0,63041 0,63041 0,63041] 4 [0,05100 0,07000 0,02800 0,83200]
123  1,71 -3,50 -2,00 -4,57 -1,81 1 [0,62837 0,62837 0,62837 0,62837] 4 [0,02600 0,00200 0,01000 0,95200]
124  3,57 -4,16 -4,36 -3,48 -2,35 1 [0,62684 0,62684 0,62684 0,62684] 4 [0,05200 0,04900 0,05000 0,91100]
125  1,43 -3,38 -4,79 -3,33 -2,30 1 [0,62445 0,62445 0,62445 0,62445] 4 [0,08400 0,03400 0,09500 0,81400]
126  0,00 -2,43 -1,14 -3,83 -3,59 1 [0,62640 0,62640 0,62640 0,62640] 4 [0,04200 0,05400 0,05600 0,99100]
127  0,86 -4,77 -1,14 -4,19 -3,23 1 [0,62435 0,62435 0,62435 0,62435] 4 [0,09500 0,00400 0,07500 0,96200]
128  1,86 -4,34 -4,14 -4,28 -4,65 1 [0,62287 0,62287 0,62287 0,62287] 4 [0,04500 0,05700 0,01700 0,90500]
129  2,14 -4,13 -1,36 -4,20 -4,82 1 [0,62445 0,62445 0,62445 0,62445] 4 [0,00100 0,04400 0,00000 0,86100]
130  2,57 -3,63 -4,64 -3,98 -4,17 1 [0,62341 0,62341 0,62341 0,62341] 4 [0,01500 0,00300 0,07500 0,92100]
131  4,71 -4,95 -1,43 -4,72 -4,44 1 [0,62673 0,62673 0,62673 0,62673] 4 [0,08500 0,02600 0,01200 0,88800]
132  0,29 -2,66 -1,50 -4,10 -4,92 1 [0,62399 0,62399 0,62399 0,62399] 4 [0,01900 0,08400 0,04100 0,83900]
133  2,29 -4,44 -1,57 -4,78 -2,05 1 [0,62736 0,62736 0,62736 0,62736] 4 [0,05500 0,01600 0,00500 0,82800]
134  2,43 -4,96 -3,07 -3,62 -2,72 1 [0,62492 0,62492 0,62492 0,62492] 4 [0,04600 0,09200 0,01000 0,95300]
135  0,86 -2,66 -1,93 -4,05 -3,04 1 [0,62675 0,62675 0,62675 0,62675] 4 [0,07800 0,01700 0,00700 0,81700]
136  0,00 -2,68 -4,14 -4,33 -1,84 1 [0,62392 0,62392 0,62392 0,62392] 4 [0,06200 0,00000 0,05100 0,93700]
137  2,29 -4,72 -5,00 -3,84 -2,03 1 [0,62371 0,62371 0,62371 0,62371] 4 [0,00700 0,09100 0,00300 0,90500]
138  3,71 -3,88 -4,43 -5,00 -2,97 1 [0,62426 0,62426 0,62426 0,62426] 4 [0,02200 0,00300 0,05500 0,91600]
139  3,00 -3,11 -1,21 -4,75 -4,82 1 [0,62660 0,62660 0,62660 0,62660] 4 [0,03000 0,09300 0,05500 0,93500]
140  0,71 -4,52 -4,29 -4,78 -3,84 1 [0,62269 0,62269 0,62269 0,62269] 4 [0,06800 0,07900 0,05700 0,90100]
141  5,00 -4,78 -3,07 -4,53 -5,00 1 [0,62444 0,62444 0,62444 0,62444] 4 [0,04500 0,03000 0,05600 0,85200]
142  3,00 -3,74 -4,93 -3,85 -3,90 1 [0,62364 0,62364 0,62364 0,62364] 4 [0,06700 0,02700 0,01500 0,96700]
143  0,29 -4,45 -2,79 -4,45 -3,37 1 [0,62306 0,62306 0,62306 0,62306] 4 [0,03500 0,03100 0,08300 0,98800]
144  0,86 -2,04 -3,07 -3,97 -3,99 1 [0,62461 0,62461 0,62461 0,62461] 4 [0,08100 0,04900 0,00200 0,84400]
145  2,14 -3,21 -2,29 -3,74 -2,47 1 [0,63041 0,63041 0,63041 0,63041] 4 [0,06900 0,07500 0,04300 0,90100]
146  3,86 -4,17 -1,07 -4,67 -4,51 1 [0,62734 0,62734 0,62734 0,62734] 4 [0,09000 0,03800 0,09200 0,82400]
147  4,00 -2,29 -4,43 -3,32 -3,94 1 [0,62896 0,62896 0,62896 0,62896] 4 [0,04300 0,07100 0,06400 0,95300]
148  4,29 -4,95 -2,79 -4,22 -2,67 1 [0,62790 0,62790 0,62790 0,62790] 4 [0,00500 0,03700 0,06600 0,80500]
149  2,57 -2,60 -3,93 -3,74 -4,73 1 [0,62439 0,62439 0,62439 0,62439] 4 [0,04500 0,03000 0,00400 0,86100]
150  4,14 -2,62 -3,07 -4,34 -1,93 1 [0,64106 0,64106 0,64106 0,64106] 4 [0,00700 0,02000 0,06800 0,86000]

Good Results: 30  Bad Results: 120
Percentage Good Results = 20,00 %