Ind. Age Bmi Glicose Insulin Mcp1 NeuralNet Results                   Original Results
  1  4,57 -2,47 -3,07  1,97  2,54 1 [0,90717 0,00029 0,05612 0,04744] 1 [0,92700 0,05000 0,08900 0,02800]
  2  0,57 -2,04 -4,93  3,54  2,37 1 [0,89567 0,00027 0,05174 0,05007] 1 [0,92000 0,01000 0,03700 0,05100]
  3  4,43 -3,47 -4,57  4,62  4,76 1 [0,91426 0,00029 0,05611 0,04591] 1 [0,92900 0,04200 0,08000 0,03400]
  4  2,86 -2,37 -2,21  2,01  3,36 1 [0,91179 0,00029 0,05646 0,04646] 1 [0,92300 0,04900 0,05100 0,09500]
  5  0,86 -4,72 -1,36  2,09  3,24 1 [0,91496 0,00029 0,05675 0,04614] 1 [0,94600 0,03100 0,03400 0,01300]
  6  4,14 -3,94 -4,07  1,58  4,84 1 [0,91615 0,00029 0,05672 0,04550] 1 [0,86600 0,09600 0,07200 0,05600]
  7  2,57 -2,89 -4,86  2,79  3,73 1 [0,91464 0,00029 0,05639 0,04583] 1 [0,84600 0,02100 0,01200 0,08300]
  8  2,43 -4,94 -3,29  2,95  4,39 1 [0,91618 0,00029 0,05670 0,04550] 1 [0,86700 0,06400 0,03600 0,07900]
  9  2,86 -4,23 -2,43  1,72  2,96 1 [0,91603 0,00029 0,05672 0,04553] 1 [0,97400 0,01100 0,03900 0,00800]
 10  0,71 -2,13 -3,57  3,79  4,89 1 [0,90799 0,00027 0,05575 0,04855] 1 [0,95400 0,00600 0,09100 0,09300]
 11  1,29 -2,36 -4,50  3,91  3,04 1 [0,90450 0,00028 0,05343 0,04794] 1 [0,90000 0,05300 0,07400 0,06400]
 12  0,14 -3,85 -3,36  2,91  1,92 1 [0,82588 0,00013 0,05864 0,09420] 1 [0,96600 0,02500 0,05800 0,01200]
 13  3,00 -2,89 -2,21  3,31  2,91 1 [0,90858 0,00028 0,05514 0,04712] 1 [0,83900 0,01500 0,06800 0,09200]
 14  4,43 -3,61 -2,29  2,25  2,48 1 [0,91431 0,00029 0,05660 0,04591] 1 [0,88900 0,00600 0,08500 0,05900]
 15  3,43 -4,10 -2,86  2,16  2,55 1 [0,91570 0,00029 0,05668 0,04560] 1 [0,86800 0,09200 0,02600 0,00800]
 16  2,43 -2,57 -4,36  1,53  4,74 1 [0,91574 0,00029 0,05671 0,04559] 1 [0,89000 0,08400 0,00800 0,06400]
 17  3,00 -4,54 -2,21  1,77  3,58 1 [0,91614 0,00029 0,05672 0,04551] 1 [0,98400 0,08000 0,02100 0,03800]
 18  3,86 -2,98 -2,64  1,46  2,86 1 [0,91447 0,00029 0,05682 0,04588] 1 [0,84300 0,02200 0,06100 0,01700]
 19  2,29 -2,84 -3,07  1,83  2,01 1 [0,91264 0,00029 0,05645 0,04627] 1 [0,93000 0,07900 0,03500 0,05300]
 20  4,29 -4,16 -3,50  4,48  1,93 1 [0,91099 0,00029 0,05517 0,04660] 1 [0,92000 0,03000 0,06800 0,03400]
 21  2,29 -4,45 -3,43  1,81  3,88 1 [0,91617 0,00029 0,05671 0,04550] 1 [0,99900 0,04700 0,04400 0,06700]
 22  3,86 -2,44 -4,36  3,02  4,67 1 [0,91317 0,00029 0,05610 0,04615] 1 [0,82400 0,07400 0,02800 0,04300]
 23  3,43 -3,42 -1,64  3,66  5,00 1 [0,91515 0,00029 0,05649 0,04572] 1 [0,94600 0,05800 0,07400 0,01600]
 24  4,14 -4,72 -1,50  4,71  4,58 1 [0,91576 0,00029 0,05658 0,04559] 1 [0,92900 0,04600 0,07200 0,05500]
 25  3,14 -2,28 -3,71  4,46  2,20 1 [0,84122 0,00024 0,04176 0,05920] 1 [0,81700 0,00400 0,00600 0,00600]
 26  1,71 -4,10 -4,79  3,50  2,75 1 [0,91561 0,00029 0,05655 0,04562] 1 [0,95500 0,00400 0,07300 0,05800]
 27  0,43 -2,25 -4,07  3,93  4,76 1 [0,86742 0,00018 0,05691 0,07016] 1 [0,98800 0,00300 0,04400 0,07700]
 28  3,29 -4,99 -1,64  4,34  2,13 1 [0,91515 0,00029 0,05642 0,04572] 1 [0,99100 0,01800 0,07400 0,05200]
 29  3,57 -4,01 -2,57  2,65  2,25 1 [0,91499 0,00029 0,05655 0,04576] 1 [0,90600 0,02500 0,08700 0,06700]
 30  0,86 -4,01 -1,50  4,66  1,95 1 [0,91185 0,00029 0,05539 0,04643] 1 [0,96500 0,03600 0,09100 0,06000]
 31  1,71  4,98  2,07 -4,32 -4,08 2 [0,00019 0,89360 0,04318 0,05621] 2 [0,05700 0,91100 0,00500 0,02200]
 32  1,43  4,16  4,00 -4,52 -1,61 2 [0,00019 0,89348 0,04303 0,05611] 2 [0,08100 0,95600 0,06600 0,03600]
 33  2,71  2,72  1,21 -3,89 -1,73 2 [0,00020 0,89211 0,04130 0,05551] 2 [0,05900 0,91600 0,04100 0,01300]
 34  1,57  4,52  2,43 -4,51 -2,24 2 [0,00019 0,89353 0,04310 0,05617] 2 [0,09100 0,94000 0,05500 0,02100]
 35  1,00  4,77  3,14 -4,31 -4,96 2 [0,00019 0,89358 0,04319 0,05622] 2 [0,07700 0,80600 0,00800 0,04900]
 36  1,86  2,05  1,64 -3,39 -4,99 2 [0,00019 0,89300 0,04249 0,05609] 2 [0,04100 0,81500 0,05700 0,02000]
 37  3,43  4,98  3,29 -4,42 -2,55 2 [0,00019 0,89360 0,04318 0,05620] 2 [0,03100 0,97000 0,09100 0,08500]
 38  2,71  3,63  2,86 -3,59 -3,88 2 [0,00019 0,89355 0,04312 0,05619] 2 [0,05100 0,81000 0,03300 0,07900]
 39  2,00  2,73  4,64 -3,55 -2,60 2 [0,00020 0,89321 0,04269 0,05601] 2 [0,02300 0,89200 0,02900 0,04500]
 40  2,14  2,95  4,86 -4,18 -2,01 2 [0,00020 0,89331 0,04273 0,05584] 2 [0,07400 0,85800 0,01600 0,08400]
 41  3,43  3,09  4,93 -4,79 -3,14 2 [0,00020 0,89357 0,04309 0,05606] 2 [0,02700 0,97900 0,02400 0,07100]
 42  4,29  3,42  1,14 -3,40 -1,55 2 [0,00019 0,89323 0,04275 0,05611] 2 [0,00300 0,87600 0,01000 0,08600]
 43  1,57  4,02  3,64 -4,24 -3,78 2 [0,00019 0,89357 0,04314 0,05619] 2 [0,07500 0,81400 0,00400 0,08300]
 44  3,43  4,23  2,50 -4,59 -4,85 2 [0,00019 0,89360 0,04318 0,05620] 2 [0,08800 0,87800 0,01800 0,09400]
 45  3,86  4,09  4,64 -4,09 -4,82 2 [0,00019 0,89360 0,04319 0,05621] 2 [0,04000 0,88900 0,01100 0,06600]
 46  2,29  2,40  4,50 -5,00 -3,57 2 [0,00020 0,89354 0,04286 0,05562] 2 [0,07500 0,80800 0,08700 0,08600]
 47  2,43  2,71  3,64 -4,88 -2,75 2 [0,00020 0,89342 0,04271 0,05557] 2 [0,05200 0,82800 0,02100 0,04700]
 48  3,29  3,82  5,00 -4,32 -3,68 2 [0,00019 0,89359 0,04317 0,05619] 2 [0,09200 0,97100 0,00400 0,09300]
 49  3,57  3,91  2,93 -3,74 -2,62 2 [0,00019 0,89354 0,04311 0,05618] 2 [0,05200 0,82400 0,07200 0,05300]
 50  3,00  2,56  3,29 -4,62 -4,03 2 [0,00020 0,89344 0,04291 0,05598] 2 [0,03100 0,92400 0,04800 0,10000]
 51  2,71  2,26  3,36 -3,80 -2,56 2 [0,00020 0,89269 0,04198 0,05564] 2 [0,03500 0,91200 0,10000 0,08700]
 52  1,71  4,85  1,14 -4,77 -4,48 2 [0,00019 0,89359 0,04318 0,05620] 2 [0,01300 0,85900 0,04300 0,03300]
 53  1,43  4,54  2,21 -3,96 -4,46 2 [0,00019 0,89359 0,04317 0,05621] 2 [0,09000 0,94000 0,07000 0,02600]
 54  3,29  4,84  1,43 -3,21 -4,58 2 [0,00019 0,89360 0,04319 0,05621] 2 [0,04900 0,99100 0,07700 0,06400]
 55  2,71  3,87  1,86 -4,09 -2,14 2 [0,00019 0,89343 0,04297 0,05613] 2 [0,02500 0,82300 0,02900 0,08700]
 56  3,43  2,59  1,21 -4,94 -2,86 2 [0,00020 0,89314 0,04232 0,05537] 2 [0,06200 0,89200 0,07300 0,01100]
 57  4,00  3,76  1,43 -4,82 -4,13 2 [0,00019 0,89357 0,04314 0,05618] 2 [0,08200 0,96600 0,04700 0,05400]
 58  1,00  2,66  1,86 -4,46 -4,31 2 [0,00020 0,89310 0,04259 0,05597] 2 [0,07700 0,96100 0,05000 0,02900]
 59  0,29  3,67  3,86 -3,89 -3,60 2 [0,00013 0,85052 0,04386 0,08014] 2 [0,01400 0,94100 0,09700 0,02600]
 60  2,00  4,80  3,14 -3,78 -3,64 2 [0,00019 0,89360 0,04318 0,05621] 2 [0,03100 0,94600 0,04500 0,00400]
 61  3,57  4,65  2,29  1,57  3,34 3 [0,04227 0,05235 0,91683 0,00033] 3 [0,07100 0,08300 0,94600 0,02100]
 62  1,29  2,61  2,43  3,50  4,98 3 [0,03878 0,03929 0,86638 0,00040] 3 [0,07300 0,07300 0,88500 0,03700]
 63  0,43  3,29  2,86  4,89  3,80 3 [0,04049 0,04978 0,91307 0,00034] 3 [0,03100 0,07100 0,85700 0,08600]
 64  3,43  4,32  2,57  2,65  2,55 3 [0,04240 0,05231 0,91726 0,00033] 3 [0,00200 0,03900 0,93900 0,03400]
 65  1,43  3,50  1,57  4,58  3,74 3 [0,04179 0,05133 0,91400 0,00033] 3 [0,09200 0,06500 0,91200 0,03500]
 66  1,29  2,96  2,57  3,30  2,13 3 [0,04178 0,05129 0,91375 0,00033] 3 [0,04600 0,03600 0,90600 0,05300]
 67  4,86  3,98  2,57  3,29  3,30 3 [0,04241 0,05219 0,91715 0,00033] 3 [0,07300 0,01800 0,96300 0,05200]
 68  4,43  2,05  3,93  2,64  4,12 3 [0,04005 0,04553 0,89194 0,00035] 3 [0,04800 0,09000 0,94900 0,03300]
 69  1,43  2,25  3,00  4,99  1,85 3 [0,04162 0,05111 0,91317 0,00033] 3 [0,06900 0,00500 0,90500 0,01200]
 70  0,86  2,70  1,79  4,43  2,02 3 [0,04156 0,05103 0,91285 0,00033] 3 [0,09500 0,02100 0,96400 0,08100]
 71  3,29  4,06  2,07  2,66  2,07 3 [0,04223 0,05244 0,91686 0,00033] 3 [0,06700 0,07500 0,96200 0,09500]
 72  1,29  2,71  1,36  3,68  4,42 3 [0,03852 0,04350 0,88295 0,00036] 3 [0,01500 0,03500 0,84100 0,00700]
 73  2,29  4,90  2,14  3,15  4,37 3 [0,04238 0,05216 0,91702 0,00033] 3 [0,01400 0,09700 0,95500 0,07000]
 74  4,86  3,33  4,71  2,59  2,08 3 [0,04242 0,05220 0,91717 0,00033] 3 [0,03000 0,09700 0,89900 0,04400]
 75  1,00  4,98  4,43  4,66  3,38 3 [0,04249 0,05232 0,91763 0,00033] 3 [0,09100 0,09900 0,85000 0,02700]
 76  3,43  4,77  3,29  2,61  1,72 3 [0,04206 0,05285 0,91683 0,00033] 3 [0,03800 0,06900 0,89500 0,00300]
 77  3,57  4,89  4,21  3,66  2,02 3 [0,04251 0,05236 0,91771 0,00033] 3 [0,00800 0,07800 0,87900 0,02800]
 78  4,00  4,84  1,57  2,80  1,65 3 [0,04027 0,05499 0,91325 0,00035] 3 [0,07500 0,04100 0,97000 0,07200]
 79  3,71  4,31  4,07  4,77  2,47 3 [0,04250 0,05233 0,91767 0,00033] 3 [0,04100 0,06100 0,96200 0,05200]
 80  0,29  2,66  4,64  2,53  3,82 3 [0,01226 0,01541 0,89964 0,00105] 3 [0,06900 0,01800 0,88100 0,04100]
 81  1,14  3,31  2,14  2,15  4,94 3 [0,03866 0,04535 0,88829 0,00035] 3 [0,01600 0,02500 0,93600 0,08900]
 82  3,14  4,47  1,21  2,65  4,43 3 [0,04220 0,05187 0,91595 0,00033] 3 [0,01000 0,00500 0,96600 0,02300]
 83  2,71  4,56  1,29  4,88  3,68 3 [0,04243 0,05224 0,91734 0,00033] 3 [0,03500 0,01600 0,87700 0,07300]
 84  3,14  2,40  1,36  4,55  4,68 3 [0,04371 0,04128 0,89084 0,00042] 3 [0,00100 0,02600 0,95600 0,09300]
 85  2,14  2,14  1,14  4,83  2,57 3 [0,04042 0,04908 0,90560 0,00034] 3 [0,01900 0,03200 0,85400 0,09000]
 86  0,29  3,76  3,93  5,00  2,97 3 [0,04107 0,05062 0,91689 0,00034] 3 [0,08100 0,03500 0,95200 0,02500]
 87  3,14  2,07  2,21  4,04  4,86 3 [0,05798 0,02815 0,86639 0,00071] 3 [0,01200 0,05800 0,86600 0,00700]
 88  4,57  2,36  1,14  2,26  4,07 3 [0,04072 0,04293 0,88500 0,00037] 3 [0,05100 0,00600 0,89100 0,07100]
 89  2,29  2,64  4,93  4,84  2,15 3 [0,04221 0,05192 0,91617 0,00033] 3 [0,02900 0,06500 0,84400 0,03600]
 90  1,43  2,99  1,50  1,68  3,80 3 [0,03895 0,04582 0,88922 0,00034] 3 [0,02900 0,05400 0,84800 0,04100]
 91 -1,71 -4,91 -1,79 -4,39  1,51 4 [0,05096 0,00000 0,05212 0,87754] 4 [0,08800 0,00800 0,02500 0,88500]
 92 -3,71  2,77  3,07 -1,70 -0,14 4 [0,00000 0,05805 0,04060 0,86751] 4 [0,08400 0,07600 0,01500 0,85500]
 93 -3,43 -1,35  4,36 -1,33 -1,09 4 [0,00208 0,00005 0,01595 0,81674] 4 [0,06200 0,02000 0,02400 0,81200]
 94 -4,71  4,79 -3,07  4,69  0,82 4 [0,00000 0,06451 0,05364 0,86788] 4 [0,05400 0,02600 0,01400 0,84200]
 95 -2,71  5,00  0,21 -2,38 -4,06 4 [0,00000 0,06505 0,05411 0,86807] 4 [0,02400 0,09600 0,05400 0,85300]
 96 -3,43 -2,59  3,71 -0,74 -4,99 4 [0,00000 0,00865 0,00046 0,86325] 4 [0,00400 0,06600 0,09100 0,84300]
 97 -2,14  1,42  3,14 -3,73 -2,17 4 [0,00000 0,05431 0,03140 0,84913] 4 [0,08100 0,03900 0,06600 0,94700]
 98 -2,86  3,00  1,36 -2,19  0,53 4 [0,00000 0,05530 0,03556 0,86621] 4 [0,01400 0,04200 0,07700 0,88700]
 99 -2,14 -4,55  3,21  4,70  0,84 4 [0,06564 0,00000 0,06945 0,84313] 4 [0,08500 0,06000 0,05000 0,81000]
100 -5,00 -2,91  4,00  2,42 -2,95 4 [0,02263 0,00000 0,05933 0,86012] 4 [0,08300 0,02300 0,04100 0,88300]
101 -4,14  1,90 -4,86  4,29  2,21 4 [0,00005 0,00034 0,03551 0,95159] 4 [0,02700 0,09200 0,02200 0,95400]
102 -2,00 -3,13 -2,71  1,78 -1,12 4 [0,04356 0,00000 0,04782 0,88816] 4 [0,02100 0,00800 0,05200 0,87700]
103 -2,29 -3,86  1,57  4,65  3,77 4 [0,06813 0,00000 0,07050 0,84109] 4 [0,02700 0,01300 0,06200 0,83400]
104 -3,29  2,04 -3,36  1,64  1,14 4 [0,00000 0,02486 0,00667 0,89829] 4 [0,03800 0,06600 0,05400 0,82200]
105 -4,29 -0,46 -1,50  2,57  1,22 4 [0,01762 0,00000 0,04436 0,90873] 4 [0,03500 0,02000 0,08300 1,00000]
106 -4,00  1,23  1,14 -1,89 -0,69 4 [0,00000 0,02543 0,00462 0,85390] 4 [0,05900 0,03400 0,00200 0,87700]
107 -3,29  1,26  2,29 -2,87 -2,80 4 [0,00000 0,05047 0,02724 0,85942] 4 [0,01800 0,06800 0,02800 0,86900]
108 -0,86 -2,26 -3,79  3,24 -0,29 4 [0,03765 0,00000 0,05353 0,86957] 4 [0,01700 0,10000 0,05900 0,83400]
109 -3,86  1,90  4,07  0,25 -4,07 4 [0,00000 0,06410 0,05222 0,86840] 4 [0,07000 0,04200 0,07900 0,88500]
110 -1,29 -0,69  1,29 -0,17 -2,91 4 [0,00000 0,02041 0,00343 0,87345] 4 [0,01000 0,07900 0,08400 0,92300]
111 -0,86  1,96 -1,71  0,04 -0,05 4 [0,00000 0,04675 0,02452 0,87389] 4 [0,01000 0,03600 0,01400 0,85800]
112 -1,29 -2,96 -3,50 -1,21  1,26 4 [0,03821 0,00000 0,03909 0,90518] 4 [0,08700 0,08600 0,08400 0,93100]
113 -1,43 -5,00  1,36 -1,13  1,34 4 [0,06902 0,00000 0,07089 0,84037] 4 [0,07700 0,04900 0,07600 0,80400]
114 -2,86 -2,02  1,93  3,27  0,69 4 [0,03447 0,00000 0,05836 0,87471] 4 [0,01600 0,03900 0,08000 0,88900]
115 -0,86 -3,92  2,14 -0,04 -3,22 4 [0,05153 0,00000 0,05723 0,87198] 4 [0,01600 0,08600 0,01200 0,87100]
116 -1,00 -3,57 -3,00  0,64 -0,19 4 [0,06321 0,00000 0,06559 0,85128] 4 [0,06400 0,00500 0,09500 0,82100]
117 -1,29 -4,25  4,21  3,44 -1,42 4 [0,05510 0,00000 0,06687 0,85210] 4 [0,05600 0,08600 0,09100 0,84300]
118 -4,43  0,41 -0,93 -3,30 -2,10 4 [0,00000 0,01379 0,00084 0,80925] 4 [0,02700 0,01900 0,01700 0,80600]
119 -3,57  1,30  3,36 -4,80  4,68 4 [0,01788 0,00001 0,02223 0,94612] 4 [0,02600 0,05700 0,01500 0,95700]
120 -2,14  0,21  0,71  1,33  3,29 4 [0,03116 0,00000 0,07755 0,87855] 4 [0,07500 0,08300 0,07000 0,88700]
121  4,57 -2,70 -2,36 -3,44 -1,70 4 [0,05609 0,03673 0,00034 0,87507] 4 [0,05600 0,04500 0,00800 0,99600]
122  2,43 -4,16 -1,43 -4,64 -1,77 4 [0,05630 0,03484 0,00031 0,87390] 4 [0,05100 0,07000 0,02800 0,83200]
123  1,71 -3,50 -2,00 -4,57 -1,81 4 [0,04633 0,04197 0,00025 0,89408] 4 [0,02600 0,00200 0,01000 0,95200]
124  3,57 -4,16 -4,36 -3,48 -2,35 4 [0,04706 0,04123 0,00025 0,89247] 4 [0,05200 0,04900 0,05000 0,91100]
125  1,43 -3,38 -4,79 -3,33 -2,30 4 [0,04558 0,04251 0,00025 0,89546] 4 [0,08400 0,03400 0,09500 0,81400]
126  0,00 -2,43 -1,14 -3,83 -3,59 4 [0,00138 0,00173 0,00035 0,99537] 4 [0,04200 0,05400 0,05600 0,99100]
127  0,86 -4,77 -1,14 -4,19 -3,23 4 [0,04601 0,04117 0,00025 0,89461] 4 [0,09500 0,00400 0,07500 0,96200]
128  1,86 -4,34 -4,14 -4,28 -4,65 4 [0,04565 0,04257 0,00025 0,89544] 4 [0,04500 0,05700 0,01700 0,90500]
129  2,14 -4,13 -1,36 -4,20 -4,82 4 [0,04591 0,04318 0,00026 0,89522] 4 [0,00100 0,04400 0,00000 0,86100]
130  2,57 -3,63 -4,64 -3,98 -4,17 4 [0,04568 0,04297 0,00025 0,89547] 4 [0,01500 0,00300 0,07500 0,92100]
131  4,71 -4,95 -1,43 -4,72 -4,44 4 [0,04632 0,04217 0,00025 0,89420] 4 [0,08500 0,02600 0,01200 0,88800]
132  0,29 -2,66 -1,50 -4,10 -4,92 4 [0,02704 0,04843 0,00032 0,87279] 4 [0,01900 0,08400 0,04100 0,83900]
133  2,29 -4,44 -1,57 -4,78 -2,05 4 [0,05114 0,03810 0,00028 0,88418] 4 [0,05500 0,01600 0,00500 0,82800]
134  2,43 -4,96 -3,07 -3,62 -2,72 4 [0,05051 0,03850 0,00027 0,88541] 4 [0,04600 0,09200 0,01000 0,95300]
135  0,86 -2,66 -1,93 -4,05 -3,04 4 [0,04543 0,04355 0,00027 0,89592] 4 [0,07800 0,01700 0,00700 0,81700]
136  0,00 -2,68 -4,14 -4,33 -1,84 4 [0,00037 0,00042 0,00031 0,99880] 4 [0,06200 0,00000 0,05100 0,93700]
137  2,29 -4,72 -5,00 -3,84 -2,03 4 [0,04637 0,04167 0,00025 0,89385] 4 [0,00700 0,09100 0,00300 0,90500]
138  3,71 -3,88 -4,43 -5,00 -2,97 4 [0,04569 0,04253 0,00025 0,89538] 4 [0,02200 0,00300 0,05500 0,91600]
139  3,00 -3,11 -1,21 -4,75 -4,82 4 [0,04487 0,04920 0,00031 0,88571] 4 [0,03000 0,09300 0,05500 0,93500]
140  0,71 -4,52 -4,29 -4,78 -3,84 4 [0,04348 0,04049 0,00024 0,89976] 4 [0,06800 0,07900 0,05700 0,90100]
141  5,00 -4,78 -3,07 -4,53 -5,00 4 [0,04583 0,04278 0,00025 0,89529] 4 [0,04500 0,03000 0,05600 0,85200]
142  3,00 -3,74 -4,93 -3,85 -3,90 4 [0,04564 0,04282 0,00025 0,89548] 4 [0,06700 0,02700 0,01500 0,96700]
143  0,29 -4,45 -2,79 -4,45 -3,37 4 [0,00832 0,00826 0,00027 0,97783] 4 [0,03500 0,03100 0,08300 0,98800]
144  0,86 -2,04 -3,07 -3,97 -3,99 4 [0,03804 0,05496 0,00034 0,87032] 4 [0,08100 0,04900 0,00200 0,84400]
145  2,14 -3,21 -2,29 -3,74 -2,47 4 [0,04608 0,04271 0,00026 0,89473] 4 [0,06900 0,07500 0,04300 0,90100]
146  3,86 -4,17 -1,07 -4,67 -4,51 4 [0,04618 0,04326 0,00026 0,89496] 4 [0,09000 0,03800 0,09200 0,82400]
147  4,00 -2,29 -4,43 -3,32 -3,94 4 [0,04201 0,05164 0,00039 0,89353] 4 [0,04300 0,07100 0,06400 0,95300]
148  4,29 -4,95 -2,79 -4,22 -2,67 4 [0,05930 0,03314 0,00032 0,86796] 4 [0,00500 0,03700 0,06600 0,80500]
149  2,57 -2,60 -3,93 -3,74 -4,73 4 [0,04263 0,05016 0,00034 0,88861] 4 [0,04500 0,03000 0,00400 0,86100]
150  4,14 -2,62 -3,07 -4,34 -1,93 4 [0,04642 0,04356 0,00027 0,89464] 4 [0,00700 0,02000 0,06800 0,86000]

Good Results: 150  Bad Results: 0
Percentage Good Results = 100,00 %