Ind. Age Bmi Glicose Insulin Mcp1 NeuralNet Results
  1 -0,77  4,27 -2,93 -3,33 -2,49 4 [0,00000 0,06469 0,05317 0,86787]
  2 -2,04  0,79  4,29 -2,78  2,43 4 [0,00317 0,00004 0,12578 0,13166]
  3 -3,45  0,14  4,73 -4,09  3,53 4 [0,06303 0,00000 0,07222 0,84848]
  4  3,59  4,13  4,25  1,28  1,17 3 [0,04120 0,05379 0,91505 0,00034]
  5  2,04 -0,87 -3,21  4,68  2,05 1 [0,42109 0,00018 0,03318 0,12048]
  6 -1,06  4,59 -0,57 -0,52  1,95 4 [0,00000 0,06345 0,05142 0,86814]
  7 -4,01  0,65 -2,61 -2,72 -1,66 4 [0,00000 0,01208 0,00075 0,83967]
  8 -1,34  2,34 -1,96  4,95 -2,13 4 [0,00000 0,06403 0,05654 0,85337]
  9 -4,30  0,55  4,75 -2,99 -0,73 4 [0,00000 0,02169 0,00261 0,79873]
 10  2,04 -0,06  1,93 -0,75 -3,71 2 [0,00019 0,87443 0,02940 0,05568]
 11 -3,87  2,89 -2,39 -0,76  4,84 4 [0,00007 0,00059 0,00136 0,99454]
 12  1,06 -2,83 -3,50 -2,63  1,70 1 [0,85731 0,00043 0,03484 0,07780]
 13  3,31 -1,84  0,14 -3,36  0,27 1 [0,84325 0,00061 0,03241 0,08684]
 14 -3,17 -2,16 -3,07  1,72  1,65 4 [0,06508 0,00000 0,06894 0,84518]
 15 -4,30 -1,24 -2,32 -1,05 -0,59 4 [0,00030 0,00037 0,00033 0,99897]
 16  1,20  0,55  3,46 -0,84 -3,88 2 [0,00019 0,88731 0,03819 0,05586]
 17 -2,46 -0,76  4,18 -2,25 -1,08 4 [0,00002 0,00395 0,00152 0,76430]
 18  3,03 -3,55  4,82  1,77  0,28 1 [0,90100 0,00029 0,06058 0,04883]
 19  0,92 -0,50 -3,89 -0,64 -4,44 2 [0,00014 0,78257 0,00591 0,06281]
 20 -1,62  1,18 -0,61  4,29  0,27 3 [0,00022 0,00036 0,86496 0,04221]
 21 -1,48  3,52  1,43  0,62  4,91 3 [0,00024 0,00031 0,84659 0,03814]
 22  4,58 -3,70 -0,46 -4,51  2,03 1 [0,91618 0,00029 0,05676 0,04553]
 23  4,15 -0,89  2,04 -1,50 -2,09 3 [0,01042 0,11501 0,19313 0,00188]
 24  1,48  0,23 -1,00 -0,90  2,99 1 [0,88630 0,00034 0,08329 0,05241]
 25 -1,20 -0,03  3,61  4,87 -4,34 3 [0,00111 0,00366 0,88664 0,01049]
 26  3,73  4,48  3,64 -4,03 -4,62 2 [0,00019 0,89360 0,04319 0,05621]
 27  1,48  0,60 -0,50  4,05  0,98 3 [0,05164 0,02049 0,78363 0,00087]
 28  2,75 -0,34  1,54 -0,99 -4,56 2 [0,00019 0,87878 0,03072 0,05628]
 29  0,07 -2,83  0,29 -4,89 -3,11 4 [0,00060 0,00068 0,00032 0,99810]
 30  2,46  2,65 -4,82 -1,62  1,65 2 [0,00018 0,83657 0,01415 0,05987]
 31  5,00 -1,36 -1,75  4,71  0,73 1 [0,43496 0,00038 0,17931 0,12261]
 32 -0,77 -1,76 -0,96 -4,13  3,52 4 [0,05615 0,00000 0,05767 0,86666]
 33  2,32  1,87 -4,75 -3,69  3,99 4 [0,04579 0,05445 0,00053 0,89105]
 34  2,46 -0,25 -1,29 -3,50 -0,99 4 [0,00493 0,29852 0,00097 0,32472]
 35  2,61 -2,23 -1,64  1,23 -3,63 4 [0,01540 0,02437 0,00277 0,69319]
 36 -3,45 -1,82 -2,14 -2,06 -2,23 4 [0,00031 0,00038 0,00034 0,99895]
 37 -2,18 -3,50  0,25  1,15  2,45 4 [0,06881 0,00000 0,07093 0,84055]
 38  0,07 -2,94  3,96  3,66 -3,12 1 [0,29661 0,00062 0,11477 0,03834]
 39 -0,21  0,18 -2,46 -0,28  3,47 4 [0,05374 0,00000 0,07486 0,85775]
 40  0,77 -2,81  3,54  4,00 -4,12 3 [0,03549 0,00941 0,40165 0,00116]
 41 -4,30 -3,15 -3,64  1,67 -0,95 4 [0,00283 0,00005 0,00286 0,99148]
 42  1,20  3,68  0,43  1,53  0,94 2 [0,00094 0,65799 0,17984 0,01299]
 43 -0,49  2,28  2,25  3,08 -2,68 2 [0,00014 0,79154 0,05693 0,07239]
 44 -2,46  2,10  2,21  0,81  1,57 3 [0,00011 0,00066 0,70878 0,07842]
 45  1,62 -0,67  2,43  2,13 -0,07 3 [0,10545 0,00482 0,41111 0,00353]
 46 -3,59 -3,97  1,39  2,12 -0,51 4 [0,06736 0,00000 0,07064 0,84176]
 47  1,06 -0,46 -1,29  0,09  3,39 1 [0,89940 0,00029 0,06226 0,04975]
 48  4,01 -3,30  3,71 -0,51  3,45 1 [0,91610 0,00029 0,05742 0,04553]
 49 -1,20  0,36  4,00  3,45  1,54 3 [0,00022 0,00015 0,64856 0,06454]
 50  1,20  1,62 -2,93  0,81  1,28 2 [0,00059 0,51049 0,03082 0,02684]
 51  1,06 -1,16  4,57  4,95  0,99 3 [0,38740 0,00091 0,38756 0,05853]
 52 -4,44  4,20  0,89 -2,71  0,59 4 [0,00000 0,06146 0,04672 0,86740]
 53 -0,92  2,61 -1,46 -0,32 -2,65 4 [0,00000 0,06420 0,05095 0,86727]
 54  2,04  4,32 -3,96 -3,48 -3,66 2 [0,00019 0,89342 0,04299 0,05621]
 55 -1,90 -1,94  0,57 -2,05 -4,01 4 [0,00002 0,00344 0,00045 0,96668]
 56  1,48  0,81  3,86  1,77 -4,47 2 [0,00027 0,86075 0,05768 0,04204]
 57 -1,90  1,85 -4,36 -1,27  3,29 4 [0,00015 0,00045 0,00054 0,99904]
 58 -0,49  4,16  4,39 -0,22  2,97 3 [0,00024 0,00054 0,91588 0,04270]
 59 -1,20 -4,58 -2,75  0,87 -3,71 4 [0,00078 0,00016 0,00078 0,99749]
 60  3,87 -1,47  4,00  4,13 -2,39 3 [0,03616 0,04014 0,86096 0,00037]
 61 -1,90 -1,99  4,11 -0,11  2,62 4 [0,06776 0,00000 0,07312 0,84153]
 62  3,73 -3,24 -0,79  3,21  3,06 1 [0,91086 0,00029 0,05585 0,04665]
 63 -1,90 -3,70 -1,29 -4,06  4,03 4 [0,06879 0,00000 0,07063 0,84083]
 64  2,04  3,26 -3,21  1,85 -1,83 2 [0,00019 0,89310 0,04272 0,05627]
 65 -0,07 -2,00 -0,79 -0,91  1,79 4 [0,07167 0,00000 0,07154 0,83426]
 66  3,31  0,76  1,64 -3,55 -1,80 2 [0,00029 0,87443 0,02534 0,04763]
 67 -1,62 -0,73 -4,68  1,06 -0,01 4 [0,00017 0,00028 0,00033 0,99909]
 68  0,63  4,16 -4,57 -4,42 -2,59 2 [0,00017 0,87832 0,04231 0,06382]
 69 -3,45 -2,88 -3,54 -0,27 -1,87 4 [0,00032 0,00036 0,00032 0,99894]
 70  1,34  3,16 -2,63 -4,53 -2,24 2 [0,00020 0,89087 0,03999 0,05528]
 71  4,72 -3,82  3,75 -4,10  1,58 1 [0,91641 0,00029 0,05715 0,04546]
 72  0,63 -1,55  4,71  2,60 -3,21 3 [0,02980 0,03087 0,75243 0,00038]
 73 -3,17 -0,84  3,71 -2,54 -4,07 4 [0,00000 0,02399 0,00350 0,82415]
 74  0,92  0,21 -2,46  4,34 -0,60 3 [0,04134 0,02355 0,75978 0,00081]
 75 -3,31  2,79 -2,75  0,10  4,73 4 [0,00021 0,00013 0,00717 0,98424]
 76  2,75 -0,54 -2,43 -1,33  1,33 1 [0,78469 0,00074 0,03494 0,10757]
 77 -0,63 -4,56 -3,71  2,87  0,17 4 [0,07786 0,00000 0,07021 0,82245]
 78  1,06 -2,72  4,46 -4,22  0,41 1 [0,90864 0,00027 0,05833 0,04985]
 79 -2,18 -4,50 -0,07  1,94  3,22 4 [0,06898 0,00000 0,07087 0,84040]
 80  3,31  2,46  3,89  4,31 -4,45 3 [0,00316 0,38825 0,43405 0,00411]
 81  2,04 -3,98  4,54  1,69  1,93 1 [0,91476 0,00029 0,05725 0,04582]
 82  2,75 -4,26  3,14  3,67  1,57 1 [0,90995 0,00029 0,05581 0,04684]
 83  0,49  1,95  4,14 -0,54 -4,61 2 [0,00019 0,89318 0,04282 0,05625]
 84 -2,32  1,94  4,21  4,65  1,63 3 [0,00028 0,00042 0,92024 0,03617]
 85  1,20  3,68  1,75  4,51 -4,97 2 [0,00019 0,89345 0,04327 0,05612]
 86  0,21 -0,98 -2,93 -1,85  0,18 4 [0,00130 0,00132 0,00037 0,99593]
 87 -4,15 -2,41 -3,71  2,00 -2,09 4 [0,00025 0,00031 0,00030 0,99899]
 88  4,86 -2,51 -2,36  2,37  4,95 1 [0,91388 0,00029 0,05658 0,04600]
 89  3,45 -4,17  1,04 -4,69  2,62 1 [0,91624 0,00029 0,05674 0,04549]
 90  1,48  1,35 -1,75 -2,07 -0,14 2 [0,00022 0,81259 0,00865 0,05361]
 91  3,73 -3,28 -3,54 -1,18 -4,87 4 [0,03356 0,04677 0,00033 0,90536]
 92 -3,31  3,09  1,57 -1,83 -2,65 4 [0,00000 0,06389 0,05173 0,86818]
 93 -3,73  0,07 -1,96 -4,17 -2,38 4 [0,00001 0,00990 0,00050 0,82920]
 94  4,30 -1,95  2,82  0,03  4,65 1 [0,91483 0,00030 0,05917 0,04585]
 95 -0,49  4,53 -0,25  3,68 -4,38 2 [0,00019 0,88993 0,04327 0,05822]
 96 -4,44 -1,50 -3,32 -0,62 -4,58 4 [0,00001 0,00247 0,00031 0,97865]
 97 -4,44  0,91  2,07 -2,42  3,76 4 [0,02907 0,00001 0,03955 0,91640]
 98  1,48  1,80 -2,43 -3,07 -4,26 2 [0,00019 0,88924 0,03867 0,05595]
 99 -2,61  3,39  1,57  0,53  4,18 3 [0,00022 0,00034 0,82777 0,04188]
100 -4,01 -1,15  4,50 -2,66 -4,87 4 [0,00000 0,02388 0,00340 0,81966]
101  3,03  1,49  2,50 -0,60 -1,72 2 [0,00031 0,83740 0,06311 0,03612]
102 -4,01 -1,12 -3,00 -3,84 -2,18 4 [0,00030 0,00040 0,00034 0,99885]
103  2,46 -3,42 -1,57  0,65  2,43 1 [0,91577 0,00029 0,05688 0,04559]
104 -3,31 -2,71 -0,07  4,13 -2,73 4 [0,00854 0,00000 0,03490 0,92442]
105  4,30  1,99  3,36 -2,42 -0,12 2 [0,00122 0,60386 0,20077 0,01035]
106 -0,92 -3,36 -2,11  3,09  1,98 4 [0,06738 0,00000 0,07028 0,84157]
107 -2,04 -4,32  4,57 -2,41 -3,57 4 [0,01027 0,00002 0,01064 0,97179]
108 -2,89 -1,01 -2,96 -4,23 -3,37 4 [0,00007 0,00135 0,00037 0,99158]
109 -0,35 -4,38 -1,00  0,09 -1,21 4 [0,09648 0,00000 0,06847 0,78825]
110 -4,72 -2,39  3,43  0,68 -2,53 4 [0,00674 0,00001 0,01552 0,95204]
111  0,49 -5,00 -1,07  2,83  4,92 1 [0,78254 0,00010 0,05961 0,11955]
112 -3,31 -0,59 -3,93  1,23 -4,49 4 [0,00000 0,01730 0,00233 0,90134]
113 -1,48  1,62 -4,11  1,59 -0,47 4 [0,00000 0,03952 0,01689 0,88355]
114  3,17 -4,26  0,00 -4,28 -2,44 4 [0,11846 0,01685 0,00070 0,76162]
115 -0,35 -1,29 -0,96  4,53 -2,49 3 [0,05829 0,00615 0,44402 0,00360]
116  1,06  4,57  3,14  3,73  1,73 3 [0,04214 0,05271 0,91693 0,00033]
117 -2,89  2,42  2,86 -1,76  2,56 4 [0,00001 0,00768 0,04338 0,55799]
118 -4,01  0,98  0,29 -0,78 -4,18 4 [0,00000 0,05337 0,03324 0,87130]
119  0,21 -4,41  4,82 -0,74 -1,37 1 [0,86517 0,00018 0,05934 0,07287]
120 -3,03  0,70 -1,96  3,18 -2,72 4 [0,00000 0,05024 0,02975 0,87598]
121 -3,59 -3,91 -2,61 -0,70 -3,92 4 [0,00032 0,00037 0,00031 0,99895]
122  3,03  2,83  1,00  0,45  3,90 3 [0,03922 0,04302 0,87343 0,00035]
123 -0,35 -0,45 -3,21  4,56 -4,54 2 [0,00017 0,87233 0,02946 0,05842]
124  3,87 -4,00 -4,71 -3,56 -0,82 4 [0,08090 0,02453 0,00045 0,82690]
125 -1,90  2,80 -1,43 -4,17  1,34 4 [0,00000 0,03576 0,00961 0,82080]
126 -4,30  4,40  4,61  2,26 -3,18 4 [0,00000 0,06506 0,05415 0,86806]
127  1,20 -3,33 -3,00  0,59  0,37 1 [0,91432 0,00029 0,05662 0,04606]
128 -0,07  2,46 -2,29 -2,74  2,79 4 [0,00000 0,01716 0,00318 0,88637]
129 -3,17 -1,73  3,25 -3,94  4,60 4 [0,06903 0,00000 0,07101 0,84041]
130 -2,32 -3,16  1,68  0,31 -4,53 4 [0,00017 0,00040 0,00045 0,99828]
131 -2,04  3,20 -1,54  4,55  1,29 3 [0,00009 0,00134 0,79395 0,10451]
132  0,35  2,67  4,68  3,99  3,75 3 [0,03507 0,04301 0,90637 0,00039]
133 -2,18  3,13 -2,14 -2,66  2,51 4 [0,00000 0,03041 0,00734 0,85321]
134  0,92 -1,70 -3,64 -3,67 -2,53 4 [0,04427 0,04622 0,00030 0,89452]
135  0,49 -1,32  4,54  2,92 -0,95 3 [0,04681 0,00857 0,39638 0,00129]
136 -1,48 -0,26  0,43  0,88  0,70 4 [0,01083 0,00000 0,09845 0,86360]
137  1,48 -1,27  2,32  2,84 -1,57 3 [0,04895 0,00992 0,49047 0,00130]
138 -4,30 -3,03 -0,79  3,14 -4,58 4 [0,00006 0,00023 0,00023 0,99921]
139 -2,32  4,72  2,57 -3,96  0,92 4 [0,00000 0,06426 0,05218 0,86690]
140  0,07 -3,06 -3,46 -0,02  1,79 4 [0,10778 0,00000 0,06914 0,76834]
141  4,30 -4,47  0,14 -0,22  2,46 1 [0,91617 0,00029 0,05681 0,04550]
142  2,75 -1,32  1,89  0,69 -2,11 3 [0,04975 0,01218 0,40948 0,00087]
143 -4,15 -3,01  4,86 -2,85  3,95 4 [0,06903 0,00000 0,07093 0,84036]
144 -3,03  3,43  1,79 -3,41  4,20 4 [0,00000 0,02789 0,00808 0,79515]
145  2,75  3,11 -1,54  0,33 -3,01 2 [0,00019 0,89334 0,04293 0,05624]
146 -2,18  4,23  1,32 -3,36 -2,83 4 [0,00000 0,06488 0,05372 0,86800]
147 -0,49 -2,23  1,71 -3,53  2,59 4 [0,06867 0,00000 0,07095 0,84122]
148 -3,87 -4,86  0,04 -2,57 -1,33 4 [0,00270 0,00005 0,00266 0,99202]
149  1,90  1,93 -2,36  3,19  4,93 1 [0,52166 0,00077 0,47381 0,09184]
150  0,35 -4,04 -0,57  4,17  0,68 1 [0,90812 0,00028 0,05471 0,04739]
151  4,72  2,49  1,04 -2,84  2,73 3 [0,02577 0,08606 0,74944 0,00063]
152 -3,73  0,53 -3,36 -3,22  3,54 4 [0,00033 0,00037 0,00033 0,99893]
153 -2,89 -0,48 -4,29 -1,90  1,39 4 [0,00032 0,00037 0,00032 0,99895]
154  3,59  1,20  1,79  1,01 -0,10 3 [0,03840 0,04925 0,89238 0,00035]
155 -3,73  0,71  3,50  4,75  2,76 3 [0,00051 0,00004 0,41045 0,30445]
156 -2,32 -4,01 -2,68 -0,89  0,41 4 [0,05386 0,00000 0,05521 0,87136]
157 -0,63  3,66  0,32 -1,20 -3,45 4 [0,00000 0,07683 0,05341 0,84640]
158  4,01 -0,10  4,39 -2,40  3,49 1 [0,91861 0,00046 0,14421 0,04271]
159 -0,49  1,23 -1,11 -0,25  2,85 4 [0,00817 0,00001 0,11978 0,87387]
160  1,90  4,51  3,39  4,36  2,82 3 [0,04247 0,05230 0,91753 0,00033]
161  3,87 -4,80  0,64  1,38  3,06 1 [0,91612 0,00029 0,05675 0,04551]
162  0,63 -2,54  0,54 -2,50 -1,61 4 [0,11237 0,01606 0,00080 0,77038]
163  1,90 -2,68 -0,39 -3,18  0,26 1 [0,85759 0,00051 0,03252 0,07789]
164  3,31 -2,78  1,46  3,53  0,54 1 [0,78529 0,00024 0,04625 0,06807]
165  2,46  2,14  1,93 -3,83 -4,46 2 [0,00020 0,89303 0,04248 0,05600]
166 -3,31  2,46  1,75  3,69  1,02 3 [0,00024 0,00048 0,90939 0,04111]
167 -3,87  4,27 -3,46  0,30  3,05 4 [0,00000 0,05103 0,03018 0,87410]
168  3,45 -4,93  4,54  4,87 -1,56 1 [0,83004 0,00024 0,04397 0,06110]
169  1,20 -2,92 -1,07  2,94 -3,45 1 [0,51991 0,00028 0,04458 0,10925]
170 -4,58 -1,99  3,50  1,10  1,55 4 [0,06465 0,00000 0,07199 0,84409]
171  3,31  1,33 -3,54 -0,71  2,20 4 [0,06429 0,01622 0,03578 0,28024]
172 -0,21  0,10 -1,86 -4,80 -4,82 4 [0,00001 0,05902 0,01137 0,73978]
173  3,03  0,00  3,39 -4,93  0,06 2 [0,00350 0,49953 0,00426 0,01763]
174 -2,04 -0,83 -0,82 -3,10  2,03 4 [0,00088 0,00015 0,00089 0,99725]
175  2,75  1,82  4,36  3,46  0,41 3 [0,04197 0,05153 0,91472 0,00033]
176 -3,87 -0,90  3,11  2,39  0,47 4 [0,01074 0,00000 0,07347 0,86585]
177 -1,90 -1,97  3,93  3,86  3,48 4 [0,05077 0,00000 0,06479 0,85662]
178 -3,59 -0,80 -2,93  0,69  1,38 4 [0,00342 0,00003 0,00405 0,98891]
179 -3,45  0,18 -1,82 -1,42 -2,35 4 [0,00000 0,01380 0,00110 0,86453]
180 -0,49  2,57  4,64  4,22  3,07 3 [0,00035 0,00052 0,92494 0,02999]
181 -4,44 -4,12 -2,54  0,67  0,51 4 [0,06572 0,00000 0,06753 0,84690]
182 -2,32 -0,28  0,46  0,58 -0,20 4 [0,00025 0,00011 0,01018 0,92259]
183 -0,92  2,66 -2,14 -1,42 -4,61 4 [0,00000 0,06639 0,05270 0,86454]
184 -0,77 -3,61  2,57 -0,56  3,91 4 [0,06901 0,00000 0,07094 0,84038]
185 -1,62  3,75 -3,75  0,72 -2,71 4 [0,00000 0,06471 0,05342 0,86824]
186 -1,20 -4,28  4,68 -0,76  3,02 4 [0,06902 0,00000 0,07093 0,84038]
187  2,18 -2,94 -2,21 -3,32 -1,43 4 [0,05153 0,03834 0,00029 0,88355]
188  1,06 -4,71 -1,61 -3,48  2,86 1 [0,82571 0,00013 0,05887 0,09487]
189 -5,00 -4,14  4,18  4,44  3,90 4 [0,06869 0,00000 0,07075 0,84064]
190  3,87 -4,66 -2,39 -0,93 -4,23 4 [0,15160 0,01269 0,00100 0,70487]
191  4,15  0,06 -1,18  0,80 -4,78 2 [0,00019 0,88846 0,03858 0,05664]
192 -3,87 -2,53 -0,71  3,12  4,87 4 [0,06852 0,00000 0,07072 0,84078]
193 -0,77  2,50  3,57  4,32 -2,93 3 [0,00064 0,26388 0,32423 0,01837]
194 -1,90 -1,99 -4,46 -4,78 -3,01 4 [0,00032 0,00037 0,00032 0,99894]
195  1,20 -0,52 -1,00 -3,86 -2,97 2 [0,00071 0,69015 0,00151 0,03851]
196  0,07  3,75 -4,50 -2,13  4,33 4 [0,00000 0,02501 0,00704 0,89148]
197 -0,21 -4,90 -1,82 -1,33 -3,34 4 [0,00443 0,00140 0,00053 0,98756]
198  0,49  0,39 -1,39 -3,64  4,60 4 [0,04985 0,00000 0,05321 0,88066]
199  4,58 -1,96  3,82  5,00  0,05 1 [0,51374 0,00082 0,50253 0,09008]
200 -4,30  3,89  0,96  3,30  3,23 3 [0,00023 0,00051 0,90697 0,04303]
201  2,89 -0,38 -3,89 -4,47  2,53 4 [0,05539 0,03679 0,00032 0,87662]
202 -1,90  1,91 -0,93  0,91  0,59 4 [0,00000 0,03639 0,02209 0,86129]
203  1,90 -2,37  0,11  3,48 -3,61 3 [0,17632 0,00184 0,30480 0,01607]
204  4,44 -4,64  3,89  0,05 -2,02 1 [0,91325 0,00030 0,06099 0,04623]
205 -4,86 -4,56 -0,07 -3,16  4,02 4 [0,06900 0,00000 0,07085 0,84041]
206 -4,30  0,86  0,68  1,67  1,08 4 [0,00007 0,00016 0,07087 0,23274]
207 -0,21  2,49 -3,71 -2,32 -3,83 4 [0,00001 0,29883 0,04535 0,51752]
208 -2,04  3,21 -1,57 -0,56 -2,78 4 [0,00000 0,06418 0,05238 0,86839]
209 -4,72  4,18  0,43  3,00  0,08 4 [0,00000 0,06414 0,05360 0,86746]
210  2,32 -0,67 -4,82  1,74  0,59 1 [0,56989 0,00037 0,03696 0,12231]
211  1,48  1,88 -2,43  0,64  0,90 2 [0,00029 0,76745 0,03361 0,03557]
212  4,44 -1,11  4,86  0,47 -1,01 3 [0,04584 0,02365 0,67689 0,00043]
213 -2,04  4,45  4,57 -1,79 -3,04 4 [0,00000 0,06505 0,05410 0,86807]
214  0,49 -1,80  3,29 -4,99  0,08 4 [0,00784 0,00008 0,00385 0,97843]
215 -1,90 -0,88  4,14 -0,40  2,51 4 [0,06237 0,00000 0,08379 0,84558]
216  0,63 -1,42  4,79 -3,56  3,42 4 [0,09557 0,00000 0,07296 0,79156]
217  2,32  1,28 -1,18  0,09  2,53 3 [0,25665 0,00298 0,42044 0,00922]
218 -4,58 -2,99 -2,00 -4,76  0,87 4 [0,00033 0,00036 0,00031 0,99894]
219  0,21  2,39 -2,68 -3,83  0,01 4 [0,00000 0,05740 0,01789 0,80652]
220  2,18  1,86 -4,68  0,81  0,48 2 [0,00016 0,84379 0,01911 0,06196]
221  4,72 -3,24  0,89  4,01 -0,50 1 [0,68047 0,00022 0,04175 0,08272]
222 -4,15 -0,54  0,25  3,88  4,21 4 [0,03956 0,00000 0,05700 0,86842]
223 -1,48  1,73 -2,61  4,49  4,92 4 [0,00448 0,00000 0,17720 0,93960]
224  0,35  0,87 -3,14  2,00  3,91 4 [0,23921 0,00004 0,06364 0,34178]
225  3,73  2,03  0,04  1,19 -2,98 2 [0,00020 0,89143 0,04338 0,05536]
226  1,06  2,59  1,18  3,34 -3,89 2 [0,00020 0,89238 0,04365 0,05557]
227 -4,15  0,53 -2,36  3,40  4,39 4 [0,02330 0,00000 0,04777 0,89071]
228  4,01  3,55 -2,14 -1,46 -0,17 2 [0,00019 0,89229 0,04186 0,05625]
229 -1,20  1,70  1,86  0,22 -1,73 4 [0,00000 0,05941 0,04557 0,86776]
230  0,07  3,52  1,14 -3,48 -0,77 4 [0,00000 0,08851 0,05058 0,82188]
231 -4,72 -2,19 -0,18  4,14 -1,26 4 [0,01566 0,00000 0,03904 0,90559]
232 -2,89 -4,63 -2,57  0,48 -0,17 4 [0,06684 0,00000 0,06869 0,84467]
233 -1,62  1,19 -3,00  1,21  4,44 4 [0,02625 0,00000 0,06934 0,88780]
234 -3,87  3,68  1,68  1,35 -2,94 4 [0,00000 0,06493 0,05387 0,86814]
235 -0,21  0,57  2,54  0,69  4,62 4 [0,03607 0,00000 0,10666 0,87203]
236 -5,00  3,62  2,96 -1,35  4,08 4 [0,00001 0,00790 0,07249 0,54969]
237 -3,31 -2,91  2,32  2,64 -0,98 4 [0,04870 0,00000 0,06563 0,85870]
238 -0,49  1,94  3,54  2,81  1,70 3 [0,00033 0,00048 0,91265 0,03109]
239  2,18 -3,74  3,43  3,42 -3,23 1 [0,60475 0,00026 0,06165 0,08973]
240 -3,17 -2,75 -2,93  3,68 -3,80 4 [0,00006 0,00016 0,00023 0,99927]
241 -1,34  2,12 -3,93 -3,31 -2,48 4 [0,00000 0,05005 0,02725 0,86407]
242 -0,21  0,07  2,14  0,86 -1,56 3 [0,00076 0,03540 0,29737 0,01292]
243 -3,03 -4,17  3,43 -4,58 -1,23 4 [0,00281 0,00005 0,00276 0,99173]
244  3,03 -1,64  3,25  4,90 -2,21 3 [0,03807 0,03040 0,81704 0,00050]
245 -0,35  2,70  4,50 -4,62 -0,34 4 [0,00000 0,06407 0,04931 0,85635]
246 -4,86  3,13 -3,64  4,98  1,22 4 [0,00000 0,04752 0,05337 0,84416]
247  0,07 -3,03  1,79  0,43 -0,36 1 [0,73083 0,00008 0,06257 0,14584]
248 -3,59 -1,48  4,43 -0,94  1,64 4 [0,06711 0,00000 0,07614 0,84192]
249 -3,87  2,95  1,21  2,95  4,98 3 [0,00020 0,00018 0,68970 0,05369]
250  2,75  1,96  0,93 -2,65 -1,17 2 [0,00020 0,88680 0,03638 0,05513]
251 -0,49  3,80  1,93  0,14  0,72 4 [0,00000 0,05971 0,05845 0,85219]
252  2,04 -4,20  2,79  3,29 -3,22 1 [0,77145 0,00024 0,04785 0,06997]
253 -1,62  2,30 -0,11 -4,61  3,64 4 [0,00002 0,00458 0,00082 0,95874]
254  0,07  1,40  3,29 -4,53  1,25 4 [0,00001 0,02840 0,00652 0,74905]
255 -0,49  2,32  2,46 -0,87 -3,40 4 [0,00000 0,12957 0,05098 0,75557]
256  3,87  0,54  1,50  4,69  2,99 3 [0,38570 0,00331 0,81342 0,02216]
257 -0,21 -4,53 -3,07 -3,10 -0,09 4 [0,00619 0,00002 0,00609 0,98249]
258 -3,17 -2,65 -4,61  3,07 -1,58 4 [0,00145 0,00006 0,00178 0,99446]
259  0,77  3,09 -1,50  0,54  1,23 2 [0,00021 0,86966 0,04193 0,05019]
260 -2,61  2,86 -2,00 -2,91  0,93 4 [0,00000 0,03791 0,01291 0,85628]
261  4,44 -2,35  2,71  0,68  3,41 1 [0,91223 0,00030 0,05991 0,04644]
262 -0,07  2,68 -2,79  4,19  0,34 2 [0,00141 0,49101 0,27088 0,00868]
263 -0,49 -3,99  3,07  4,77 -2,56 1 [0,65849 0,00017 0,03393 0,09217]
264  4,44 -1,82  3,21 -2,81 -2,62 3 [0,06012 0,04232 0,06483 0,00348]
265  3,87  3,94  3,29  1,82  3,95 3 [0,04221 0,05181 0,91572 0,00033]
266  4,72 -0,90  1,71 -4,22  2,09 1 [0,92033 0,00034 0,07482 0,04511]
267  1,20  3,31 -4,07 -4,32  0,11 2 [0,00023 0,87731 0,02925 0,05301]
268  1,76 -0,44  4,96  3,68 -4,24 3 [0,04088 0,05192 0,91137 0,00034]
269 -4,72  3,85  3,39 -1,03 -2,49 4 [0,00000 0,06477 0,05353 0,86814]
270  3,59 -4,93 -3,14 -2,38  1,44 1 [0,91619 0,00029 0,05670 0,04551]
271 -1,20 -3,23  2,36 -0,88 -4,80 4 [0,00013 0,00067 0,00046 0,99715]
272  2,75 -0,86  2,36  0,50 -2,61 3 [0,02077 0,05010 0,64381 0,00059]
273 -3,17 -2,28 -2,39 -4,82 -1,86 4 [0,00032 0,00037 0,00031 0,99894]
274 -1,20 -3,25  1,32  3,33 -1,59 4 [0,03475 0,00000 0,05770 0,87356]
275  1,06  3,39  3,82  3,87 -3,19 2 [0,00042 0,80310 0,09062 0,02746]
276  1,90 -3,68  3,04 -3,14  3,97 1 [0,91618 0,00029 0,05677 0,04552]
277  4,44 -4,17 -0,39  2,27  2,97 1 [0,91551 0,00029 0,05674 0,04565]
278 -3,31  4,00  1,00  1,84  2,73 3 [0,00002 0,00483 0,46460 0,31149]
279 -0,35 -2,60  4,93  3,96  2,26 4 [0,08999 0,00000 0,06063 0,75218]
280 -3,31  1,70  3,32 -2,25 -3,32 4 [0,00000 0,06066 0,04514 0,86720]
281  5,00 -4,43  2,43 -4,66 -4,02 4 [0,18231 0,01115 0,00124 0,66581]
282 -3,59 -1,15 -2,07  3,17  0,22 4 [0,01569 0,00000 0,03944 0,91226]
283  0,49 -4,10 -0,46 -2,82  3,98 4 [0,07446 0,00000 0,07062 0,82977]
284 -0,21  1,64 -1,86 -0,51  2,73 4 [0,00022 0,00020 0,02245 0,93409]
285  3,45  1,38 -0,50 -3,57  2,72 1 [0,09004 0,04035 0,02275 0,08781]
286  0,77 -1,22 -3,61 -3,63  2,27 4 [0,00466 0,00152 0,00053 0,98700]
287 -1,76  4,29  2,57 -0,42  4,40 3 [0,00020 0,00058 0,88310 0,04966]
288 -1,90 -4,01  3,39 -1,45  4,32 4 [0,06902 0,00000 0,07089 0,84037]
289 -3,17 -2,81 -2,25  3,63  2,43 4 [0,06645 0,00000 0,06977 0,84246]
290 -2,89 -3,39  4,39 -1,52 -1,09 4 [0,06695 0,00000 0,07074 0,84431]
291  0,77 -1,03  4,79  4,76 -2,72 3 [0,03717 0,04468 0,88344 0,00035]
292  2,61  3,54 -0,11  4,76 -4,06 2 [0,00020 0,89257 0,04368 0,05562]
293  2,18  3,11  4,82  1,62  1,31 3 [0,04221 0,05205 0,91606 0,00033]
294 -2,18 -4,06 -1,86 -1,43  4,59 4 [0,06902 0,00000 0,07087 0,84037]
295  2,32  1,42 -1,32 -3,25  3,40 4 [0,32147 0,00814 0,01143 0,35581]
296 -3,73  3,25 -1,61 -3,28 -2,13 4 [0,00000 0,06058 0,04499 0,86716]
297 -3,31  4,49 -5,00  4,47 -4,57 4 [0,00000 0,06507 0,05414 0,86807]
298  0,92 -0,97 -4,61 -0,05  1,48 1 [0,67155 0,00115 0,01358 0,17708]
299 -0,77 -0,18 -4,54  0,08 -1,46 4 [0,00002 0,00097 0,00061 0,99774]
300 -1,76  0,73  0,71  3,96  1,86 3 [0,00058 0,00005 0,52962 0,27867]
301 -1,06 -0,70 -3,25 -5,00  0,24 4 [0,00033 0,00038 0,00033 0,99894]
302  3,31 -3,48 -4,04 -0,99  4,65 1 [0,91622 0,00029 0,05673 0,04549]
303 -3,45  2,88 -1,57  3,53 -3,72 4 [0,00000 0,06482 0,05366 0,86821]
304 -4,86 -4,14 -1,86 -4,58 -0,34 4 [0,00033 0,00036 0,00031 0,99894]
305 -0,49 -0,82  2,21 -1,87 -3,34 4 [0,00000 0,02961 0,00402 0,81531]
306 -4,44  3,54  0,18  1,50  2,99 4 [0,00000 0,01318 0,12696 0,62216]
307 -3,17  0,95  3,04 -2,36  2,44 4 [0,00124 0,00009 0,02952 0,52604]
308 -4,58  4,06  2,54 -3,66 -0,95 4 [0,00000 0,06373 0,05112 0,86704]
309 -0,49 -0,82  1,25  2,95 -1,09 3 [0,00353 0,00042 0,35722 0,02821]
310  3,87  0,28 -4,21  3,42 -0,38 3 [0,09354 0,01348 0,76499 0,00315]
311 -0,07 -2,92 -3,57  3,98  4,42 4 [0,12108 0,00000 0,06840 0,74403]
312 -1,62  0,61  2,71 -0,29  3,66 4 [0,04069 0,00000 0,11772 0,84917]
313  4,30  2,17  1,25 -0,24 -1,91 2 [0,00021 0,88398 0,04625 0,05167]
314 -0,35  1,03  4,86  4,81 -4,44 3 [0,02381 0,08687 0,85864 0,00059]
315 -3,03 -3,63 -1,54 -1,92 -4,65 4 [0,00032 0,00037 0,00032 0,99895]
316 -4,15  3,84 -4,04  0,66  3,12 4 [0,00000 0,03939 0,01634 0,88115]
317  2,89  4,69 -0,93  2,53  0,68 2 [0,00036 0,82727 0,07689 0,03230]
318 -4,15 -2,29  2,32 -4,97  1,45 4 [0,00126 0,00010 0,00123 0,99614]
319 -2,61  5,00  4,00 -2,88 -4,18 4 [0,00000 0,06507 0,05415 0,86806]
320 -3,03 -3,70  2,00  3,45 -1,50 4 [0,05265 0,00000 0,06469 0,85474]
321  4,01 -1,58  4,36  0,94  2,86 1 [0,88422 0,00032 0,07873 0,05248]
322  3,87 -3,02  0,04  2,22  2,90 1 [0,91162 0,00029 0,05671 0,04650]
323  3,17 -2,67  2,50 -0,60 -1,72 1 [0,89210 0,00035 0,08916 0,04949]
324 -4,44 -2,43 -1,64 -0,37  3,66 4 [0,06883 0,00000 0,07078 0,84070]
325  4,15  4,98 -0,11  2,40  2,58 3 [0,03783 0,05811 0,90778 0,00037]
326 -2,46  0,23 -3,04 -4,44  0,22 4 [0,00029 0,00044 0,00039 0,99875]
327 -1,90 -0,68  1,04 -2,02  2,93 4 [0,06577 0,00000 0,07218 0,84647]
328  3,45  1,86 -0,86  0,03 -0,42 2 [0,00026 0,84768 0,05034 0,04119]
329  1,48  2,84 -1,29 -1,90 -0,34 2 [0,00019 0,88703 0,03678 0,05622]
330  4,15  4,33 -4,21  1,58  2,92 2 [0,00123 0,59596 0,22244 0,01000]
331 -1,76 -2,50 -3,89  4,34  0,56 4 [0,04507 0,00000 0,05759 0,86226]
332  2,61 -1,40  4,43  1,01 -3,79 3 [0,03299 0,04189 0,82003 0,00038]
333 -2,61 -1,81 -2,57  1,78 -4,00 4 [0,00001 0,00088 0,00032 0,99728]
334 -0,35 -1,00 -2,79 -4,02  0,21 4 [0,00033 0,00038 0,00034 0,99894]
335 -0,35 -4,15  4,82 -0,56  2,05 4 [0,06936 0,00000 0,07107 0,83969]
336 -1,62  1,28  2,36  0,52 -3,91 4 [0,00000 0,06303 0,05019 0,86874]
337 -1,20  3,10  4,39 -0,91  2,95 3 [0,00026 0,00045 0,89206 0,04029]
338 -3,31 -1,99  2,14  0,98 -2,74 4 [0,00029 0,00012 0,00342 0,97105]
339  4,01  3,26 -0,25 -0,65 -1,26 2 [0,00019 0,89291 0,04279 0,05612]
340 -3,87  2,51  0,57 -3,97 -1,20 4 [0,00000 0,05160 0,02785 0,85168]
341  3,87 -4,58  4,14  3,42  1,68 1 [0,91191 0,00029 0,05643 0,04643]
342  2,75 -0,02 -4,07  3,87 -0,56 3 [0,19434 0,00492 0,68511 0,01220]
343 -1,62  3,65 -0,82 -3,00  0,05 4 [0,00000 0,06089 0,04550 0,86682]
344 -0,77  2,71  1,93  3,12  4,79 3 [0,00025 0,00029 0,85122 0,04364]
345 -2,32 -1,60 -2,07  4,83 -3,74 4 [0,00001 0,00161 0,01085 0,91812]
346  1,20  2,67 -2,86  1,85  4,18 3 [0,08165 0,01178 0,71452 0,00189]
347  3,03 -3,24  2,71 -2,01  1,82 1 [0,91632 0,00029 0,05760 0,04548]
348  2,75  1,19  2,36 -0,67 -2,37 2 [0,00022 0,87782 0,04363 0,05057]
349  0,07 -0,65 -4,39 -2,91 -0,46 4 [0,00041 0,00053 0,00038 0,99863]
350  1,06  3,77 -0,54 -0,96 -2,60 2 [0,00019 0,89336 0,04294 0,05623]
351  4,58  4,40 -3,04  0,54 -0,45 2 [0,00019 0,89340 0,04307 0,05620]
352 -4,44  3,71  0,00 -3,99  1,29 4 [0,00000 0,05035 0,02601 0,85044]
353 -3,87  0,32 -0,21  2,31 -1,31 4 [0,00000 0,01733 0,00600 0,87053]
354 -1,48  4,21 -1,54  2,33 -1,00 4 [0,00000 0,06490 0,05382 0,86811]
355 -1,06  3,45 -0,96 -3,97  2,13 4 [0,00000 0,04854 0,02301 0,84358]
356 -3,73 -4,48 -0,18 -4,77  0,53 4 [0,00141 0,00009 0,00137 0,99570]
357 -3,59  0,65  1,64  2,66 -0,55 3 [0,00007 0,00060 0,50486 0,10394]
358  1,62 -2,05  3,07  0,73 -1,67 1 [0,67131 0,00057 0,12981 0,03641]
359 -1,34 -2,50 -3,21  0,22  5,00 4 [0,06897 0,00000 0,07090 0,84042]
360 -1,20 -1,89  4,75  0,82 -3,29 3 [0,00018 0,00013 0,23655 0,05367]
361 -1,48  3,31 -1,14 -4,71 -1,62 4 [0,00000 0,06212 0,04702 0,86302]
362  2,61  3,08  2,57  0,98  3,59 3 [0,04083 0,04876 0,90306 0,00034]
363 -3,45 -1,92 -1,61 -2,79  1,19 4 [0,00044 0,00028 0,00042 0,99859]
364 -2,18 -1,49 -2,21 -0,55 -0,89 4 [0,00029 0,00035 0,00036 0,99894]
365 -0,21 -0,32  0,57  0,51 -0,01 4 [0,00478 0,00003 0,13079 0,46710]
366 -0,21  2,95  3,46 -1,97  2,81 3 [0,00010 0,00110 0,71837 0,09526]
367 -3,45  3,76 -2,43 -2,54  3,33 4 [0,00000 0,03039 0,00744 0,85748]
368 -4,30 -2,68 -3,54  2,31  2,31 4 [0,06810 0,00000 0,07048 0,84129]
369 -4,30  2,69  3,36 -0,67 -4,96 4 [0,00000 0,06479 0,05359 0,86815]
370 -0,49 -2,89 -2,57  0,60 -2,21 4 [0,00166 0,00022 0,00101 0,99449]
371  0,21  4,89  3,57 -0,59  1,35 4 [0,00002 0,34402 0,05787 0,39151]
372 -0,49  3,99  3,43 -1,11 -4,16 4 [0,00001 0,22155 0,05065 0,62279]
373 -1,20 -4,95 -2,36 -3,00  3,84 4 [0,06902 0,00000 0,07086 0,84038]
374  1,48 -4,25 -4,68 -2,50 -1,03 4 [0,07819 0,02533 0,00044 0,83184]
375  2,75  4,55 -3,86  4,05  3,13 3 [0,03412 0,06307 0,89744 0,00041]
376 -0,77 -4,84  4,86  2,57  0,52 4 [0,06969 0,00000 0,07084 0,83798]
377  4,30  4,97 -0,25  4,57 -4,97 2 [0,00019 0,89360 0,04320 0,05620]
378  1,76 -3,38 -0,07  3,05  3,59 1 [0,91452 0,00029 0,05648 0,04586]
379 -4,15  2,24 -1,61  4,94  3,69 3 [0,00047 0,00007 0,63751 0,20496]
380 -3,31  1,56 -2,36 -4,04 -4,02 4 [0,00000 0,04831 0,02397 0,85592]
381  1,90  2,13  1,43  1,41 -0,95 2 [0,00156 0,54020 0,26559 0,00796]
382  1,90  3,29 -0,50  0,08  4,26 3 [0,03662 0,04174 0,84772 0,00037]
383  4,15 -3,68  2,36 -1,64  2,07 1 [0,91626 0,00029 0,05725 0,04549]
384 -3,73 -1,77 -4,68  1,76  1,32 4 [0,02472 0,00001 0,02633 0,93379]
385  4,72  0,90  0,79  3,10  1,36 3 [0,04017 0,04097 0,87765 0,00039]
386 -3,03  4,60 -3,46 -3,89  2,83 4 [0,00000 0,04841 0,02413 0,85617]
387 -3,87  0,32 -4,00 -3,36 -0,74 4 [0,00014 0,00071 0,00041 0,99740]
388 -0,77  2,89  4,07 -4,57 -3,09 4 [0,00000 0,06479 0,05316 0,86673]
389 -3,45  0,04 -3,18  3,70 -4,36 4 [0,00000 0,04889 0,02752 0,87787]
390 -3,73 -1,07  1,68  2,11 -1,30 4 [0,00097 0,00001 0,05354 0,62633]
391 -2,61 -1,61 -3,43 -3,88  1,34 4 [0,00033 0,00036 0,00031 0,99894]
392 -1,62 -4,40 -4,43 -3,92 -4,31 4 [0,00032 0,00037 0,00031 0,99894]
393 -3,45  4,76  3,79  1,56 -4,49 4 [0,00000 0,06508 0,05417 0,86807]
394  1,20 -0,58  4,68 -4,60  4,21 1 [0,65146 0,00005 0,06636 0,20342]
395  0,77  2,44  1,50 -2,00  1,96 2 [0,00044 0,58478 0,06333 0,02700]
396  1,06  4,02  1,32  0,51 -0,45 2 [0,00020 0,89197 0,04355 0,05548]
397 -4,44 -1,05 -0,61  2,74  3,04 4 [0,05611 0,00000 0,06644 0,85152]
398  1,06  2,69 -1,54  3,02 -0,15 2 [0,00065 0,72433 0,13018 0,01812]
399 -2,18  0,80  1,14 -0,04 -4,65 4 [0,00000 0,06031 0,04501 0,86968]
400  1,20  1,34 -4,71 -1,28  2,38 4 [0,01836 0,05735 0,00072 0,90501]
401  0,63  0,35 -3,79  3,94  1,87 1 [0,41280 0,00036 0,15308 0,12019]
402 -4,58 -3,77  2,93  3,53  0,43 4 [0,06557 0,00000 0,06971 0,84320]
403 -3,45 -3,46 -4,46  1,98  1,61 4 [0,06833 0,00000 0,07038 0,84141]
404  3,87 -2,52 -4,82 -0,91  1,79 1 [0,91426 0,00030 0,05645 0,04634]
405 -0,07  1,74 -1,86  0,68 -0,19 4 [0,00001 0,37097 0,02503 0,37370]
406  0,63  0,72 -4,36 -0,75  3,30 4 [0,14370 0,00039 0,00980 0,67497]
407 -0,21 -3,46 -2,71 -3,89  4,38 4 [0,06886 0,00000 0,07070 0,84070]
408  0,92  4,86  2,07 -4,50  3,77 4 [0,00001 0,19162 0,04807 0,64139]
409  2,89  3,78  3,32 -0,01 -0,73 2 [0,00026 0,86511 0,05693 0,04320]
410  3,31  3,34 -2,89 -0,49  2,57 2 [0,00031 0,82250 0,05357 0,03586]
411 -2,18  3,28 -3,75 -1,60 -2,30 4 [0,00000 0,06240 0,04887 0,86879]
412  3,73 -3,76 -3,75  2,43 -2,26 1 [0,87518 0,00027 0,05030 0,05395]
413 -3,17 -1,69  1,00 -0,41 -2,74 4 [0,00005 0,00102 0,00041 0,99516]
414 -4,72 -1,51  4,64 -4,55 -1,34 4 [0,00016 0,00065 0,00033 0,99724]
415 -0,07  4,94  5,00  1,63 -3,22 2 [0,00019 0,89101 0,04328 0,05756]
416 -0,63  2,35 -2,36  4,31 -4,84 2 [0,00018 0,88858 0,04312 0,05890]
417  4,15 -4,87 -2,32  3,25 -1,44 1 [0,90739 0,00028 0,05486 0,04737]
418  1,20 -4,83 -2,93  2,08  2,70 1 [0,91612 0,00029 0,05671 0,04552]
419  1,90 -2,91  2,89  3,88  4,16 1 [0,90819 0,00029 0,05536 0,04721]
420  2,18 -3,33  1,04 -4,00 -2,71 4 [0,05699 0,03593 0,00033 0,87338]
421  4,58 -4,36 -5,00 -3,06  3,41 1 [0,91621 0,00029 0,05670 0,04550]
422 -1,76 -0,42 -3,43 -0,11 -0,02 4 [0,00018 0,00036 0,00037 0,99911]
423 -3,73  0,40 -3,64 -3,14 -4,17 4 [0,00000 0,02055 0,00255 0,84278]
424 -0,92 -3,57 -4,61  4,96 -0,41 4 [0,06501 0,00000 0,06097 0,82668]
425  0,92  2,56  4,79 -2,83 -2,84 2 [0,00019 0,89292 0,04252 0,05613]
426  0,49 -3,37  1,75  2,52  3,74 1 [0,88087 0,00020 0,05767 0,06405]
427  3,03 -1,20 -0,75  2,26  4,16 1 [0,88757 0,00028 0,05521 0,05138]
428 -0,63 -0,21  4,32  4,73 -3,69 3 [0,03600 0,04618 0,90884 0,00038]
429  4,15 -2,06 -4,93  4,64  3,77 1 [0,87633 0,00026 0,04674 0,05327]
430  2,18  2,49  1,71 -2,93  3,52 3 [0,04698 0,05380 0,62046 0,00045]
431 -0,49  3,59  1,43  0,57 -0,29 4 [0,00000 0,07194 0,05366 0,85022]
432 -1,48 -1,34 -1,57  2,09  4,00 4 [0,06428 0,00000 0,06999 0,84433]
433 -3,31 -4,94 -3,04 -3,34 -2,98 4 [0,00032 0,00037 0,00031 0,99894]
434  4,01  3,01  0,57  3,55 -1,19 3 [0,01995 0,10186 0,83468 0,00070]
435  1,62 -3,98 -1,64  3,06 -4,55 1 [0,65906 0,00028 0,03119 0,09736]
436  2,75  1,22  4,11  3,50  2,32 3 [0,03840 0,04460 0,88530 0,00035]
437  2,89  1,95  3,86 -4,60  3,81 3 [0,22809 0,02563 0,55826 0,00021]
438 -0,35  1,46  3,04  1,86  3,22 3 [0,00027 0,00016 0,66600 0,05923]
439 -4,01 -3,15  3,00 -0,15 -3,50 4 [0,00083 0,00014 0,00109 0,99676]
440 -4,01 -3,46 -3,86  4,82 -4,97 4 [0,00004 0,00018 0,00013 0,99948]
441 -4,72  3,94  4,50  3,88  2,49 3 [0,00029 0,00045 0,93101 0,03572]
442  0,07  4,21 -1,18 -2,94  3,07 4 [0,00000 0,05762 0,03854 0,86322]
443  1,34  2,06  2,39  3,78 -1,88 3 [0,02884 0,07358 0,88048 0,00048]
444  3,17 -3,88 -0,50 -3,27 -3,99 4 [0,04787 0,04218 0,00028 0,89123]
445 -0,21 -0,14 -3,64 -2,36  1,67 4 [0,00033 0,00037 0,00038 0,99890]
446 -0,49 -0,41  3,36  1,52  3,39 4 [0,03427 0,00000 0,08685 0,87494]
447  4,58  1,34 -2,86 -0,57 -4,21 2 [0,00019 0,89156 0,04112 0,05639]
448 -2,18  1,86  3,68 -0,88  3,61 3 [0,00049 0,00012 0,38267 0,04029]
449 -3,45  0,18  4,21  1,91 -4,23 4 [0,00000 0,05612 0,04596 0,86383]
450 -2,46 -4,82  3,21 -0,07  0,13 4 [0,06897 0,00000 0,07097 0,84042]
451  1,20  0,49  3,32  3,91  1,38 3 [0,03540 0,03315 0,81933 0,00043]
452 -1,48  2,98 -2,86 -3,05  3,67 4 [0,00001 0,01169 0,00185 0,91016]
453  1,48  2,11 -1,32  2,19  0,97 3 [0,01878 0,08781 0,79483 0,00070]
454  3,73  4,80  1,36  1,22  0,30 2 [0,00036 0,82482 0,07837 0,03173]
455 -3,45 -4,66  1,93 -0,22 -3,20 4 [0,03058 0,00001 0,03159 0,92220]
456  3,73  0,90  4,21 -2,79  1,62 3 [0,09834 0,03279 0,73378 0,00025]
457  4,72 -1,06 -2,25 -0,50  4,69 1 [0,91392 0,00030 0,05917 0,04605]
458  4,01 -4,18 -2,64  4,53 -4,72 1 [0,42883 0,00019 0,03466 0,11954]
459 -2,18  3,59  2,86 -1,54 -3,58 4 [0,00000 0,06494 0,05388 0,86809]
460  4,44  3,37 -2,36  3,16  2,83 3 [0,04143 0,05141 0,91270 0,00034]
461 -0,21 -1,18 -3,21  1,58 -0,90 4 [0,01007 0,00086 0,00192 0,93898]
462  3,59  3,95 -4,29 -2,04  1,20 2 [0,00019 0,88972 0,03927 0,05629]
463  1,06 -2,75  0,07 -0,18  2,13 1 [0,91493 0,00029 0,05736 0,04597]
464  4,30  0,53 -2,86 -0,61 -4,19 2 [0,00019 0,88556 0,03572 0,05684]
465 -0,77 -4,31 -3,86 -1,22 -3,93 4 [0,00034 0,00038 0,00031 0,99890]
466  2,89 -4,24  1,21 -1,37  2,64 1 [0,91623 0,00029 0,05679 0,04549]
467 -2,04  1,03 -0,39 -2,72  2,77 4 [0,00038 0,00035 0,00077 0,99805]
468  4,72 -4,86  0,21 -4,57 -1,06 1 [0,91035 0,00031 0,05294 0,04869]
469  3,59  3,63  3,93 -2,06 -4,39 2 [0,00019 0,89359 0,04317 0,05621]
470 -1,62 -4,38  1,54 -0,30 -2,19 4 [0,06473 0,00000 0,06762 0,84839]
471 -4,86  4,50 -4,00 -2,18  1,51 4 [0,00000 0,05295 0,03237 0,87001]
472 -4,44  1,37  2,86  1,30  4,58 4 [0,01502 0,00000 0,10128 0,85028]
473  1,90 -4,26 -1,50  2,07  1,78 1 [0,91567 0,00029 0,05669 0,04561]
474  2,89  0,83  1,07 -1,05 -3,64 2 [0,00019 0,88865 0,03845 0,05629]
475  0,77  4,72  2,75 -0,72 -0,92 2 [0,00019 0,89322 0,04314 0,05634]
476  0,49  4,66  4,21 -4,34 -4,42 2 [0,00019 0,88981 0,04326 0,05828]
477 -1,76 -2,97  3,07 -4,11  0,88 4 [0,06057 0,00000 0,06238 0,85761]
478  0,49  0,24  0,43 -2,88 -0,11 4 [0,00032 0,22843 0,00118 0,25673]
479 -3,87 -0,02  0,79  0,70  4,69 4 [0,06277 0,00000 0,07258 0,84577]
480 -0,35 -3,11  2,07 -2,93  2,35 4 [0,06905 0,00000 0,07107 0,84037]
481  0,63  4,47 -1,07 -2,92  3,71 4 [0,00000 0,10050 0,03975 0,77941]
482 -0,07 -0,96 -0,93  3,70 -5,00 2 [0,00018 0,86036 0,02884 0,05481]
483  4,01 -4,11 -2,18  3,29 -1,09 1 [0,89101 0,00027 0,05186 0,05063]
484  1,48  1,32  1,21 -4,92 -3,48 2 [0,00026 0,88952 0,03651 0,05008]
485 -0,77 -2,50  2,89  3,74 -4,90 3 [0,01325 0,01478 0,49827 0,00076]
486  4,58  1,62 -4,57 -4,99  1,71 4 [0,01213 0,26028 0,00201 0,51069]
487  1,48 -0,58 -3,82 -4,59  1,14 4 [0,04596 0,04350 0,00027 0,89558]
488  4,44  0,61 -1,39 -2,29  4,24 1 [0,91144 0,00036 0,09612 0,04720]
489  1,48 -1,85  2,04  1,39 -4,74 2 [0,00085 0,43690 0,05751 0,01144]
490 -3,45 -3,44 -3,18  0,93 -0,82 4 [0,00951 0,00002 0,00964 0,97355]
491  4,15 -2,95  3,93 -2,17 -0,68 1 [0,91725 0,00032 0,07046 0,04543]
492 -2,61 -0,24 -2,29  4,56 -1,79 4 [0,00001 0,00194 0,06983 0,58596]
493  1,34 -2,25  3,75 -2,36 -0,78 1 [0,91205 0,00034 0,07143 0,04621]
494  1,62 -4,29 -0,64  1,41  4,66 1 [0,91618 0,00029 0,05672 0,04550]
495  0,35 -1,97  1,00 -2,74  2,04 4 [0,08872 0,00000 0,07077 0,80316]
496 -0,35  4,11 -0,43 -3,94  1,91 4 [0,00000 0,06049 0,04373 0,86195]
497 -0,35  4,94  2,57  3,28 -4,57 2 [0,00019 0,89249 0,04322 0,05682]
498 -0,63 -1,99 -1,57  4,35 -1,88 4 [0,12005 0,00005 0,05017 0,36805]
499 -3,45 -3,44 -4,25 -2,79  4,15 4 [0,06452 0,00000 0,06620 0,84941]
500  1,48 -4,36  2,68  1,41 -0,44 1 [0,91384 0,00029 0,05728 0,04603]


Patients Type Number
Type 1:  81
Type 2:  70
Type 3:  83
Type 4: 266