5 5 4
#Hidden Level Neurons
 0,36854264111752744 -0,2818636997833471 -1,569636980155112 -0,22628792832072478 -0,39967022858898715 0,6788174479190744
 0,36854264111752744 0,2209014602585595 4,706556622904064 0,8845862799793601 0,26320521217512527 -2,4441886020121997
 0,36854264111752744 0,2620187104911427 1,6475290337507467 0,17678060602717358 0,7104469645631385 -0,7268147164571047
 0,36854264111752744 -9,20961922867496 -0,07908584540583233 -0,03679784518894192 -1,1569032642105672 1,165140799010153
 0,36854264111752744 0,8777827415311354 -2,1601219865752928 1,2550714000400587 1,8480323392884461 2,4159582370016066
#Output Level Neurons
 0,8502529189100168 -3,8922571483833766 -4,2592193701754555 -5,139310237062677 -4,993927943875055 5,434149101394319
 0,8502529189100168 -3,969453869105476 3,120669962800793 -1,8427489822007828 -4,79292254686265 -5,023868249819519
 0,8502529189100168 -9,17227356920034 -0,4510785374560296 -3,4969827945326037 0,23803281325931977 5,510532728244196
 0,8502529189100168 1,2976960257737769 -5,610065160174794 1,939002241295422 4,704757099508056 -5,191727792672294